256
12659.0
300 300 180 300 180 128 180 180 128 100 128 180 128 100 81 100 128 128 100 81 69 81 100 128 100 81 69 60 69 81 100 100 81 69 60 52 60 69 81 100 81 69 60 52 47 52 60 69 81 81 69 60 52 47 42 47 52 60 69 81 69 60 52 47 42 39 42 47 52 60 69 69 60 52 47 42 39 36 39 42 47 52 60 69 60 52 47 42 39 36 33 36 39 42 47 52 60 60 52 47 42 39 36 33 31 33 36 39 42 47 52 60 52 47 42 39 36 33 31 29 31 33 36 39 42 47 52 52 47 42 39 36 33 31 29 29 31 33 36 39 42 47 52 47 42 39 36 33 31 29 29 31 33 36 39 42 47 47 42 39 36 33 31 29 29 31 33 36 39 42 47 42 39 36 33 31 29 29 31 33 36 39 42 42 39 36 33 31 29 29 31 33 36 39 42 39 36 33 31 29 29 31 33 36 39 39 36 33 31 29 29 31 33 36 39 36 33 31 29 29 31 33 36 36 33 31 29 29 31 33 36 33 31 29 29 31 33 33 31 29 29 31 33 31 29 29 31 31 29 29 31 29 29 29 29 0 
-10.0 -140.0
10.0 -140.0
-20.0 -130.0
0.0 -130.0
20.0 -130.0
-30.0 -120.0
-10.0 -120.0
10.0 -120.0
30.0 -120.0
-40.0 -110.0
-20.0 -110.0
0.0 -110.0
20.0 -110.0
40.0 -110.0
-50.0 -100.0
-30.0 -100.0
-10.0 -100.0
10.0 -100.0
30.0 -100.0
50.0 -100.0
-60.0 -90.0
-40.0 -90.0
-20.0 -90.0
0.0 -90.0
20.0 -90.0
40.0 -90.0
60.0 -90.0
-70.0 -80.0
-50.0 -80.0
-30.0 -80.0
-10.0 -80.0
10.0 -80.0
30.0 -80.0
50.0 -80.0
70.0 -80.0
-80.0 -70.0
-60.0 -70.0
-40.0 -70.0
-20.0 -70.0
0.0 -70.0
20.0 -70.0
40.0 -70.0
60.0 -70.0
80.0 -70.0
-90.0 -60.0
-70.0 -60.0
-50.0 -60.0
-30.0 -60.0
-10.0 -60.0
10.0 -60.0
30.0 -60.0
50.0 -60.0
70.0 -60.0
90.0 -60.0
-100.0 -50.0
-80.0 -50.0
-60.0 -50.0
-40.0 -50.0
-20.0 -50.0
0.0 -50.0
20.0 -50.0
40.0 -50.0
60.0 -50.0
80.0 -50.0
100.0 -50.0
-110.0 -40.0
-90.0 -40.0
-70.0 -40.0
-50.0 -40.0
-30.0 -40.0
-10.0 -40.0
10.0 -40.0
30.0 -40.0
50.0 -40.0
70.0 -40.0
90.0 -40.0
110.0 -40.0
-120.0 -30.0
-100.0 -30.0
-80.0 -30.0
-60.0 -30.0
-40.0 -30.0
-20.0 -30.0
0.0 -30.0
20.0 -30.0
40.0 -30.0
60.0 -30.0
80.0 -30.0
100.0 -30.0
120.0 -30.0
-130.0 -20.0
-110.0 -20.0
-90.0 -20.0
-70.0 -20.0
-50.0 -20.0
-30.0 -20.0
-10.0 -20.0
10.0 -20.0
30.0 -20.0
50.0 -20.0
70.0 -20.0
90.0 -20.0
110.0 -20.0
130.0 -20.0
-140.0 -10.0
-120.0 -10.0
-100.0 -10.0
-80.0 -10.0
-60.0 -10.0
-40.0 -10.0
-20.0 -10.0
0.0 -10.0
20.0 -10.0
40.0 -10.0
60.0 -10.0
80.0 -10.0
100.0 -10.0
120.0 -10.0
140.0 -10.0
-150.0 0.0
-130.0 0.0
-110.0 0.0
-90.0 0.0
-70.0 0.0
-50.0 0.0
-30.0 0.0
-10.0 0.0
10.0 0.0
30.0 0.0
50.0 0.0
70.0 0.0
90.0 0.0
110.0 0.0
130.0 0.0
150.0 0.0
-140.0 10.0
-120.0 10.0
-100.0 10.0
-80.0 10.0
-60.0 10.0
-40.0 10.0
-20.0 10.0
0.0 10.0
20.0 10.0
40.0 10.0
60.0 10.0
80.0 10.0
100.0 10.0
120.0 10.0
140.0 10.0
-130.0 20.0
-110.0 20.0
-90.0 20.0
-70.0 20.0
-50.0 20.0
-30.0 20.0
-10.0 20.0
10.0 20.0
30.0 20.0
50.0 20.0
70.0 20.0
90.0 20.0
110.0 20.0
130.0 20.0
-120.0 30.0
-100.0 30.0
-80.0 30.0
-60.0 30.0
-40.0 30.0
-20.0 30.0
0.0 30.0
20.0 30.0
40.0 30.0
60.0 30.0
80.0 30.0
100.0 30.0
120.0 30.0
-110.0 40.0
-90.0 40.0
-70.0 40.0
-50.0 40.0
-30.0 40.0
-10.0 40.0
10.0 40.0
30.0 40.0
50.0 40.0
70.0 40.0
90.0 40.0
110.0 40.0
-100.0 50.0
-80.0 50.0
-60.0 50.0
-40.0 50.0
-20.0 50.0
0.0 50.0
20.0 50.0
40.0 50.0
60.0 50.0
80.0 50.0
100.0 50.0
-90.0 60.0
-70.0 60.0
-50.0 60.0
-30.0 60.0
-10.0 60.0
10.0 60.0
30.0 60.0
50.0 60.0
70.0 60.0
90.0 60.0
-80.0 70.0
-60.0 70.0
-40.0 70.0
-20.0 70.0
0.0 70.0
20.0 70.0
40.0 70.0
60.0 70.0
80.0 70.0
-70.0 80.0
-50.0 80.0
-30.0 80.0
-10.0 80.0
10.0 80.0
30.0 80.0
50.0 80.0
70.0 80.0
-60.0 90.0
-40.0 90.0
-20.0 90.0
0.0 90.0
20.0 90.0
40.0 90.0
60.0 90.0
-50.0 100.0
-30.0 100.0
-10.0 100.0
10.0 100.0
30.0 100.0
50.0 100.0
-40.0 110.0
-20.0 110.0
0.0 110.0
20.0 110.0
40.0 110.0
-30.0 120.0
-10.0 120.0
10.0 120.0
30.0 120.0
-20.0 130.0
0.0 130.0
20.0 130.0
-10.0 140.0
10.0 140.0
0.0 150.0
0.0 -150.0
