45
101400.0
0 33 15 10 40 15 5 77 435 165 120 65 23 18 550 78 627 9 96 116 116 83 41 645 694 573 1 181 106 52 117 52 1300 57 28 84 1 54 19 88 41 238 66 44 42 
0.0 0.0
3.0 5.0
2.5 9.0
48.0 16.0
48.0 17.0
69.0 16.0
70.0 16.0
64.0 13.0
3.0 -22.0
2.5 1.0
-13.0 11.5
-20.0 45.0
-9.0 52.0
-8.5 53.0
-8.0 52.0
2.0 2.0
-2.0 9.0
-10.0 20.0
-20.0 19.0
-15.0 -21.0
-5.0 -9.0
-4.5 -9.0
-52.0 -36.0
-53.0 -36.0
0.0 0.01
-30.0 -18.0
-51.0 -35.0
81.0 9.0
84.0 -99.0
82.0 -6.0
40.0 -12.0
50.0 -7.0
51.0 -8.0
63.0 -17.0
45.0 -1.0
54.0 8.5
29.0 4.0
21.0 3.0
22.0 2.0
39.0 -3.0
39.5 -3.0
40.0 -11.0
28.0 -2.0
24.0 -18.0
24.0 -19.0
