103
2550.0
0 17 16 15 14 13 12 11 10 9 8 7 6 5 4 3 2 1 17 16 15 14 13 12 11 10 9 8 7 6 5 4 3 2 1 17 16 15 14 13 12 11 10 9 8 7 6 5 4 3 2 1 17 16 15 14 13 12 11 10 9 8 7 6 5 4 3 2 1 17 16 15 14 13 12 11 10 9 8 7 6 5 4 3 2 1 17 16 15 14 13 12 11 10 9 8 7 6 5 4 3 2 1 
0.000 0.000
1.000 5.543
2.000 6.289
3.000 6.857
4.000 7.289
5.000 7.608
6.000 7.828
7.000 7.957
8.000 8.000
9.000 7.957
10.000 7.828
11.000 7.608
12.000 7.289
13.000 6.857
14.000 6.289
15.000 5.543
16.000 4.532
17.000 3.000
-4.301 3.638
-4.447 4.877
-4.439 6.027
-4.313 7.109
-4.089 8.134
-3.780 9.110
-3.391 10.041
-2.928 10.928
-2.391 11.773
-1.780 12.574
-1.089 13.331
-0.313 14.037
0.561 14.687
1.553 15.269
2.699 15.762
4.075 16.123
5.902 16.222
-5.301 -1.906
-6.447 -1.413
-7.439 -0.831
-8.313 -0.181
-9.089 0.526
-9.780 1.282
-10.391 2.083
-10.928 2.928
-11.391 3.816
-11.780 4.746
-12.089 5.722
-12.313 6.748
-12.439 7.830
-12.447 8.980
-12.301 10.219
-11.925 11.590
-11.098 13.223
-1.000 -5.543
-2.000 -6.289
-3.000 -6.857
-4.000 -7.289
-5.000 -7.608
-6.000 -7.828
-7.000 -7.957
-8.000 -8.000
-9.000 -7.957
-10.000 -7.828
-11.000 -7.608
-12.000 -7.289
-13.000 -6.857
-14.000 -6.289
-15.000 -5.543
-16.000 -4.532
-17.000 -3.000
4.301 -3.638
4.447 -4.877
4.439 -6.027
4.313 -7.109
4.089 -8.134
3.780 -9.110
3.391 -10.041
2.928 -10.928
2.391 -11.773
1.780 -12.574
1.089 -13.331
0.313 -14.037
-0.561 -14.687
-1.553 -15.269
-2.699 -15.762
-4.075 -16.123
-5.902 -16.222
5.301 1.906
6.447 1.413
7.439 0.831
8.313 0.181
9.089 -0.526
9.780 -1.282
10.391 -2.083
10.928 -2.928
11.391 -3.816
11.780 -4.746
12.089 -5.722
12.313 -6.748
12.439 -7.830
12.447 -8.980
12.301 -10.219
11.925 -11.590
11.098 -13.223
