125
11909.0
0 31 30 29 28 27 26 25 24 23 22 21 20 19 18 17 16 15 14 13 12 11 10 9 8 7 6 5 4 3 2 1 31 30 29 28 27 26 25 24 23 22 21 20 19 18 17 16 15 14 13 12 11 10 9 8 7 6 5 4 3 2 1 31 30 29 28 27 26 25 24 23 22 21 20 19 18 17 16 15 14 13 12 11 10 9 8 7 6 5 4 3 2 1 31 30 29 28 27 26 25 24 23 22 21 20 19 18 17 16 15 14 13 12 11 10 9 8 7 6 5 4 3 2 1 
0.000 0.000
1.000 3.363
2.000 4.851
3.000 5.903
4.000 6.727
5.000 7.399
6.000 7.959
7.000 8.429
8.000 8.822
9.000 9.149
10.000 9.417
11.000 9.631
12.000 9.794
13.000 9.909
14.000 9.977
15.000 10.000
16.000 9.977
17.000 9.909
18.000 9.794
19.000 9.631
20.000 9.417
21.000 9.149
22.000 8.822
23.000 8.429
24.000 7.959
25.000 7.399
26.000 6.727
27.000 5.903
28.000 4.851
29.000 3.363
30.000 0.000
31.000 0.000
-3.363 1.000
-4.851 2.000
-5.903 3.000
-6.727 4.000
-7.399 5.000
-7.959 6.000
-8.429 7.000
-8.822 8.000
-9.149 9.000
-9.417 10.000
-9.631 11.000
-9.794 12.000
-9.909 13.000
-9.977 14.000
-10.000 15.000
-9.977 16.000
-9.909 17.000
-9.794 18.000
-9.631 19.000
-9.417 20.000
-9.149 21.000
-8.822 22.000
-8.429 23.000
-7.959 24.000
-7.399 25.000
-6.727 26.000
-5.903 27.000
-4.851 28.000
-3.363 29.000
0.000 30.000
0.000 31.000
-1.000 -3.363
-2.000 -4.851
-3.000 -5.903
-4.000 -6.727
-5.000 -7.399
-6.000 -7.959
-7.000 -8.429
-8.000 -8.822
-9.000 -9.149
-10.000 -9.417
-11.000 -9.631
-12.000 -9.794
-13.000 -9.909
-14.000 -9.977
-15.000 -10.000
-16.000 -9.977
-17.000 -9.909
-18.000 -9.794
-19.000 -9.631
-20.000 -9.417
-21.000 -9.149
-22.000 -8.822
-23.000 -8.429
-24.000 -7.959
-25.000 -7.399
-26.000 -6.727
-27.000 -5.903
-28.000 -4.851
-29.000 -3.363
-30.000 0.000
-31.000 0.000
3.363 -1.000
4.851 -2.000
5.903 -3.000
6.727 -4.000
7.399 -5.000
7.959 -6.000
8.429 -7.000
8.822 -8.000
9.149 -9.000
9.417 -10.000
9.631 -11.000
9.794 -12.000
9.909 -13.000
9.977 -14.000
10.000 -15.000
9.977 -16.000
9.909 -17.000
9.794 -18.000
9.631 -19.000
9.417 -20.000
9.149 -21.000
8.822 -22.000
8.429 -23.000
7.959 -24.000
7.399 -25.000
6.727 -26.000
5.903 -27.000
4.851 -28.000
3.363 -29.000
-0.000 -30.000
-0.000 -31.000
