127
4698.0
0 21 20 19 18 17 16 15 14 13 12 11 10 9 8 7 6 5 4 3 2 1 21 20 19 18 17 16 15 14 13 12 11 10 9 8 7 6 5 4 3 2 1 21 20 19 18 17 16 15 14 13 12 11 10 9 8 7 6 5 4 3 2 1 21 20 19 18 17 16 15 14 13 12 11 10 9 8 7 6 5 4 3 2 1 21 20 19 18 17 16 15 14 13 12 11 10 9 8 7 6 5 4 3 2 1 21 20 19 18 17 16 15 14 13 12 11 10 9 8 7 6 5 4 3 2 1 
0.000 0.000
1.000 6.359
2.000 7.276
3.000 7.998
4.000 8.575
5.000 9.034
6.000 9.393
7.000 9.663
8.000 9.852
9.000 9.963
10.000 10.000
11.000 9.963
12.000 9.852
13.000 9.663
14.000 9.393
15.000 9.034
16.000 8.575
17.000 7.998
18.000 7.276
19.000 6.359
20.000 5.145
21.000 3.321
-5.007 4.046
-5.301 5.370
-5.427 6.597
-5.426 7.752
-5.324 8.847
-5.135 9.893
-4.869 10.894
-4.532 11.854
-4.128 12.776
-3.660 13.660
-3.128 14.508
-2.532 15.318
-1.869 16.090
-1.135 16.821
-0.324 17.508
0.574 18.144
1.573 18.722
2.699 19.226
3.993 19.634
5.544 19.893
7.624 19.847
-6.007 -2.314
-7.301 -1.906
-8.427 -1.401
-9.426 -0.823
-10.324 -0.187
-11.135 0.499
-11.869 1.230
-12.532 2.002
-13.128 2.813
-13.660 3.660
-14.128 4.545
-14.532 5.466
-14.869 6.427
-15.135 7.428
-15.324 8.473
-15.426 9.569
-15.427 10.723
-15.301 11.950
-15.007 13.275
-14.456 14.748
-13.376 16.526
-1.000 -6.359
-2.000 -7.276
-3.000 -7.998
-4.000 -8.575
-5.000 -9.034
-6.000 -9.393
-7.000 -9.663
-8.000 -9.852
-9.000 -9.963
-10.000 -10.000
-11.000 -9.963
-12.000 -9.852
-13.000 -9.663
-14.000 -9.393
-15.000 -9.034
-16.000 -8.575
-17.000 -7.998
-18.000 -7.276
-19.000 -6.359
-20.000 -5.145
-21.000 -3.321
5.007 -4.046
5.301 -5.370
5.427 -6.597
5.426 -7.752
5.324 -8.847
5.135 -9.893
4.869 -10.894
4.532 -11.854
4.128 -12.776
3.660 -13.660
3.128 -14.508
2.532 -15.318
1.869 -16.090
1.135 -16.821
0.324 -17.508
-0.574 -18.144
-1.573 -18.722
-2.699 -19.226
-3.993 -19.634
-5.544 -19.893
-7.624 -19.847
6.007 2.314
7.301 1.906
8.427 1.401
9.426 0.823
10.324 0.187
11.135 -0.499
11.869 -1.230
12.532 -2.002
13.128 -2.813
13.660 -3.660
14.128 -4.545
14.532 -5.466
14.869 -6.427
15.135 -7.428
15.324 -8.473
15.426 -9.569
15.427 -10.723
15.301 -11.950
15.007 -13.275
14.456 -14.748
13.376 -16.526
