137
2551.0
0 17 16 15 14 13 12 11 10 9 8 7 6 5 4 3 2 1 17 16 15 14 13 12 11 10 9 8 7 6 5 4 3 2 1 17 16 15 14 13 12 11 10 9 8 7 6 5 4 3 2 1 17 16 15 14 13 12 11 10 9 8 7 6 5 4 3 2 1 17 16 15 14 13 12 11 10 9 8 7 6 5 4 3 2 1 17 16 15 14 13 12 11 10 9 8 7 6 5 4 3 2 1 17 16 15 14 13 12 11 10 9 8 7 6 5 4 3 2 1 17 16 15 14 13 12 11 10 9 8 7 6 5 4 3 2 1 
0.000 0.000
1.000 5.175
2.000 6.054
3.000 6.709
4.000 7.200
5.000 7.561
6.000 7.808
7.000 7.952
8.000 8.000
9.000 7.952
10.000 7.808
11.000 7.561
12.000 7.200
13.000 6.709
14.000 6.054
15.000 5.175
16.000 3.922
17.000 1.571
-2.952 4.366
-2.867 5.695
-2.623 6.865
-2.263 7.920
-1.811 8.882
-1.278 9.764
-0.673 10.573
0.000 11.314
0.741 11.987
1.550 12.592
2.432 13.124
3.394 13.577
4.449 13.936
5.619 14.180
6.948 14.266
8.540 14.087
10.910 13.132
-5.175 1.000
-6.054 2.000
-6.709 3.000
-7.200 4.000
-7.561 5.000
-7.808 6.000
-7.952 7.000
-8.000 8.000
-7.952 9.000
-7.808 10.000
-7.561 11.000
-7.200 12.000
-6.709 13.000
-6.054 14.000
-5.175 15.000
-3.922 16.000
-1.571 17.000
-4.366 -2.952
-5.695 -2.867
-6.865 -2.623
-7.920 -2.263
-8.882 -1.811
-9.764 -1.278
-10.573 -0.673
-11.314 0.000
-11.987 0.741
-12.592 1.550
-13.124 2.432
-13.577 3.394
-13.936 4.449
-14.180 5.619
-14.266 6.948
-14.087 8.540
-13.132 10.910
-1.000 -5.175
-2.000 -6.054
-3.000 -6.709
-4.000 -7.200
-5.000 -7.561
-6.000 -7.808
-7.000 -7.952
-8.000 -8.000
-9.000 -7.952
-10.000 -7.808
-11.000 -7.561
-12.000 -7.200
-13.000 -6.709
-14.000 -6.054
-15.000 -5.175
-16.000 -3.922
-17.000 -1.571
2.952 -4.366
2.867 -5.695
2.623 -6.865
2.263 -7.920
1.811 -8.882
1.278 -9.764
0.673 -10.573
-0.000 -11.314
-0.741 -11.987
-1.550 -12.592
-2.432 -13.124
-3.394 -13.577
-4.449 -13.936
-5.619 -14.180
-6.948 -14.266
-8.540 -14.087
-10.910 -13.132
5.175 -1.000
6.054 -2.000
6.709 -3.000
7.200 -4.000
7.561 -5.000
7.808 -6.000
7.952 -7.000
8.000 -8.000
7.952 -9.000
7.808 -10.000
7.561 -11.000
7.200 -12.000
6.709 -13.000
6.054 -14.000
5.175 -15.000
3.922 -16.000
1.571 -17.000
4.366 2.952
5.695 2.867
6.865 2.623
7.920 2.263
8.882 1.811
9.764 1.278
10.573 0.673
11.314 -0.000
11.987 -0.741
12.592 -1.550
13.124 -2.432
13.577 -3.394
13.936 -4.449
14.180 -5.619
14.266 -6.948
14.087 -8.540
13.132 -10.910
