145
329.0
0 9 8 7 6 5 4 3 2 1 9 8 7 6 5 4 3 2 1 9 8 7 6 5 4 3 2 1 9 8 7 6 5 4 3 2 1 9 8 7 6 5 4 3 2 1 9 8 7 6 5 4 3 2 1 9 8 7 6 5 4 3 2 1 9 8 7 6 5 4 3 2 1 9 8 7 6 5 4 3 2 1 9 8 7 6 5 4 3 2 1 9 8 7 6 5 4 3 2 1 9 8 7 6 5 4 3 2 1 9 8 7 6 5 4 3 2 1 9 8 7 6 5 4 3 2 1 9 8 7 6 5 4 3 2 1 9 8 7 6 5 4 3 2 1 
0.000 0.000
1.000 1.213
2.000 1.696
3.000 1.928
4.000 2.000
5.000 1.928
6.000 1.696
7.000 1.213
8.000 0.000
9.000 0.000
0.473 1.499
1.219 2.322
2.059 2.912
2.960 3.353
3.913 3.661
4.928 3.820
6.036 3.747
7.417 2.997
8.345 3.371
-0.123 1.567
0.261 2.609
0.818 3.471
1.488 4.217
2.257 4.861
3.138 5.388
4.193 5.735
5.755 5.557
6.474 6.252
-0.702 1.407
-0.736 2.517
-0.542 3.525
-0.200 4.468
0.272 5.352
0.891 6.171
1.739 6.888
3.254 7.308
3.661 8.222
-1.178 1.042
-1.625 2.058
-1.823 3.065
-1.859 4.067
-1.753 5.064
-1.486 6.056
-0.968 7.038
0.279 7.995
0.314 8.995
-1.482 0.525
-2.278 1.299
-2.838 2.159
-3.247 3.075
-3.522 4.039
-3.646 5.058
-3.534 6.163
-2.736 7.518
-3.078 8.457
-1.571 -0.069
-2.599 0.351
-3.441 0.939
-4.163 1.634
-4.779 2.425
-5.275 3.324
-5.586 4.390
-5.353 5.945
-6.022 6.688
-1.431 -0.652
-2.541 -0.648
-3.542 -0.418
-4.472 -0.044
-5.339 0.459
-6.136 1.106
-6.823 1.978
-7.190 3.507
-8.089 3.945
-1.082 -1.141
-2.113 -1.552
-3.127 -1.715
-4.130 -1.716
-5.122 -1.575
-6.104 -1.273
-7.068 -0.722
-7.981 0.558
-8.978 0.628
-0.576 -1.463
-1.378 -2.231
-2.257 -2.761
-3.186 -3.138
-4.159 -3.379
-5.182 -3.467
-6.282 -3.317
-7.608 -2.472
-8.560 -2.781
0.014 -1.572
-0.442 -2.585
-1.059 -3.406
-1.779 -4.103
-2.591 -4.691
-3.506 -5.156
-4.582 -5.429
-6.128 -5.142
-6.894 -5.785
0.602 -1.453
0.559 -2.562
0.294 -3.554
-0.112 -4.471
-0.645 -5.320
-1.319 -6.094
-2.215 -6.750
-3.756 -7.064
-4.225 -7.947
1.102 -1.121
1.478 -2.166
1.604 -3.185
1.571 -4.187
1.395 -5.174
1.060 -6.144
0.475 -7.088
-0.836 -7.956
-0.941 -8.951
1.442 -0.627
2.182 -1.455
2.681 -2.352
3.025 -3.294
3.232 -4.275
3.284 -5.300
3.096 -6.394
2.205 -7.690
2.481 -8.651
1.572 -0.041
2.568 -0.532
3.367 -1.177
4.039 -1.921
4.598 -2.753
5.030 -3.684
5.266 -4.769
4.925 -6.304
5.541 -7.092
1.473 0.551
2.580 0.469
3.562 0.170
4.464 -0.268
5.294 -0.830
6.044 -1.531
6.669 -2.449
6.928 -4.000
7.794 -4.500
