169
4698.0
0 21 20 19 18 17 16 15 14 13 12 11 10 9 8 7 6 5 4 3 2 1 21 20 19 18 17 16 15 14 13 12 11 10 9 8 7 6 5 4 3 2 1 21 20 19 18 17 16 15 14 13 12 11 10 9 8 7 6 5 4 3 2 1 21 20 19 18 17 16 15 14 13 12 11 10 9 8 7 6 5 4 3 2 1 21 20 19 18 17 16 15 14 13 12 11 10 9 8 7 6 5 4 3 2 1 21 20 19 18 17 16 15 14 13 12 11 10 9 8 7 6 5 4 3 2 1 21 20 19 18 17 16 15 14 13 12 11 10 9 8 7 6 5 4 3 2 1 21 20 19 18 17 16 15 14 13 12 11 10 9 8 7 6 5 4 3 2 1 
0.000 0.000
1.000 6.359
2.000 7.276
3.000 7.998
4.000 8.575
5.000 9.034
6.000 9.393
7.000 9.663
8.000 9.852
9.000 9.963
10.000 10.000
11.000 9.963
12.000 9.852
13.000 9.663
14.000 9.393
15.000 9.034
16.000 8.575
17.000 7.998
18.000 7.276
19.000 6.359
20.000 5.145
21.000 3.321
-3.790 5.204
-3.731 6.559
-3.534 7.777
-3.235 8.892
-2.853 9.924
-2.399 10.885
-1.883 11.783
-1.309 12.623
-0.681 13.409
0.000 14.142
0.733 14.823
1.519 15.452
2.359 16.025
3.257 16.542
4.218 16.995
5.250 17.377
6.365 17.676
7.583 17.873
8.938 17.932
10.504 17.780
12.501 17.198
-6.359 1.000
-7.276 2.000
-7.998 3.000
-8.575 4.000
-9.034 5.000
-9.393 6.000
-9.663 7.000
-9.852 8.000
-9.963 9.000
-10.000 10.000
-9.963 11.000
-9.852 12.000
-9.663 13.000
-9.393 14.000
-9.034 15.000
-8.575 16.000
-7.998 17.000
-7.276 18.000
-6.359 19.000
-5.145 20.000
-3.321 21.000
-5.204 -3.790
-6.559 -3.731
-7.777 -3.534
-8.892 -3.235
-9.924 -2.853
-10.885 -2.399
-11.783 -1.883
-12.623 -1.309
-13.409 -0.681
-14.142 0.000
-14.823 0.733
-15.452 1.519
-16.025 2.359
-16.542 3.257
-16.995 4.218
-17.377 5.250
-17.676 6.365
-17.873 7.583
-17.932 8.938
-17.780 10.504
-17.198 12.501
-1.000 -6.359
-2.000 -7.276
-3.000 -7.998
-4.000 -8.575
-5.000 -9.034
-6.000 -9.393
-7.000 -9.663
-8.000 -9.852
-9.000 -9.963
-10.000 -10.000
-11.000 -9.963
-12.000 -9.852
-13.000 -9.663
-14.000 -9.393
-15.000 -9.034
-16.000 -8.575
-17.000 -7.998
-18.000 -7.276
-19.000 -6.359
-20.000 -5.145
-21.000 -3.321
3.790 -5.204
3.731 -6.559
3.534 -7.777
3.235 -8.892
2.853 -9.924
2.399 -10.885
1.883 -11.783
1.309 -12.623
0.681 -13.409
-0.000 -14.142
-0.733 -14.823
-1.519 -15.452
-2.359 -16.025
-3.257 -16.542
-4.218 -16.995
-5.250 -17.377
-6.365 -17.676
-7.583 -17.873
-8.938 -17.932
-10.504 -17.780
-12.501 -17.198
6.359 -1.000
7.276 -2.000
7.998 -3.000
8.575 -4.000
9.034 -5.000
9.393 -6.000
9.663 -7.000
9.852 -8.000
9.963 -9.000
10.000 -10.000
9.963 -11.000
9.852 -12.000
9.663 -13.000
9.393 -14.000
9.034 -15.000
8.575 -16.000
7.998 -17.000
7.276 -18.000
6.359 -19.000
5.145 -20.000
3.321 -21.000
5.204 3.790
6.559 3.731
7.777 3.534
8.892 3.235
9.924 2.853
10.885 2.399
11.783 1.883
12.623 1.309
13.409 0.681
14.142 -0.000
14.823 -0.733
15.452 -1.519
16.025 -2.359
16.542 -3.257
16.995 -4.218
17.377 -5.250
17.676 -6.365
17.873 -7.583
17.932 -8.938
17.780 -10.504
17.198 -12.501
