187
11909.0
0 31 30 29 28 27 26 25 24 23 22 21 20 19 18 17 16 15 14 13 12 11 10 9 8 7 6 5 4 3 2 1 31 30 29 28 27 26 25 24 23 22 21 20 19 18 17 16 15 14 13 12 11 10 9 8 7 6 5 4 3 2 1 31 30 29 28 27 26 25 24 23 22 21 20 19 18 17 16 15 14 13 12 11 10 9 8 7 6 5 4 3 2 1 31 30 29 28 27 26 25 24 23 22 21 20 19 18 17 16 15 14 13 12 11 10 9 8 7 6 5 4 3 2 1 31 30 29 28 27 26 25 24 23 22 21 20 19 18 17 16 15 14 13 12 11 10 9 8 7 6 5 4 3 2 1 31 30 29 28 27 26 25 24 23 22 21 20 19 18 17 16 15 14 13 12 11 10 9 8 7 6 5 4 3 2 1 
0.000 0.000
1.000 3.363
2.000 4.851
3.000 5.903
4.000 6.727
5.000 7.399
6.000 7.959
7.000 8.429
8.000 8.822
9.000 9.149
10.000 9.417
11.000 9.631
12.000 9.794
13.000 9.909
14.000 9.977
15.000 10.000
16.000 9.977
17.000 9.909
18.000 9.794
19.000 9.631
20.000 9.417
21.000 9.149
22.000 8.822
23.000 8.429
24.000 7.959
25.000 7.399
26.000 6.727
27.000 5.903
28.000 4.851
29.000 3.363
30.000 0.000
31.000 0.000
-2.413 2.548
-3.201 4.157
-3.612 5.549
-3.826 6.827
-3.908 8.030
-3.893 9.176
-3.799 10.276
-3.640 11.339
-3.424 12.369
-3.156 13.369
-2.841 14.342
-2.482 15.289
-2.082 16.213
-1.641 17.113
-1.160 17.990
-0.641 18.845
-0.082 19.677
0.518 20.486
1.159 21.270
1.844 22.029
2.576 22.761
3.360 23.464
4.201 24.133
5.107 24.764
6.092 25.350
7.174 25.880
8.388 26.334
9.799 26.674
11.587 26.796
15.000 25.981
15.500 26.847
-3.413 -0.816
-5.201 -0.693
-6.612 -0.353
-7.826 0.101
-8.908 0.630
-9.893 1.217
-10.799 1.848
-11.640 2.517
-12.424 3.220
-13.156 3.952
-13.841 4.711
-14.482 5.495
-15.082 6.304
-15.641 7.136
-16.160 7.990
-16.641 8.868
-17.082 9.768
-17.482 10.691
-17.841 11.639
-18.156 12.612
-18.424 13.612
-18.640 14.642
-18.799 15.704
-18.893 16.805
-18.908 17.951
-18.826 19.153
-18.612 20.431
-18.201 21.823
-17.413 23.433
-15.000 25.981
-15.500 26.847
-1.000 -3.363
-2.000 -4.851
-3.000 -5.903
-4.000 -6.727
-5.000 -7.399
-6.000 -7.959
-7.000 -8.429
-8.000 -8.822
-9.000 -9.149
-10.000 -9.417
-11.000 -9.631
-12.000 -9.794
-13.000 -9.909
-14.000 -9.977
-15.000 -10.000
-16.000 -9.977
-17.000 -9.909
-18.000 -9.794
-19.000 -9.631
-20.000 -9.417
-21.000 -9.149
-22.000 -8.822
-23.000 -8.429
-24.000 -7.959
-25.000 -7.399
-26.000 -6.727
-27.000 -5.903
-28.000 -4.851
-29.000 -3.363
-30.000 0.000
-31.000 0.000
2.413 -2.548
3.201 -4.157
3.612 -5.549
3.826 -6.827
3.908 -8.030
3.893 -9.176
3.799 -10.276
3.640 -11.339
3.424 -12.369
3.156 -13.369
2.841 -14.342
2.482 -15.289
2.082 -16.213
1.641 -17.113
1.160 -17.990
0.641 -18.845
0.082 -19.677
-0.518 -20.486
-1.159 -21.270
-1.844 -22.029
-2.576 -22.761
-3.360 -23.464
-4.201 -24.133
-5.107 -24.764
-6.092 -25.350
-7.174 -25.880
-8.388 -26.334
-9.799 -26.674
-11.587 -26.796
-15.000 -25.981
-15.500 -26.847
3.413 0.816
5.201 0.693
6.612 0.353
7.826 -0.101
8.908 -0.630
9.893 -1.217
10.799 -1.848
11.640 -2.517
12.424 -3.220
13.156 -3.952
13.841 -4.711
14.482 -5.495
15.082 -6.304
15.641 -7.136
16.160 -7.990
16.641 -8.868
17.082 -9.768
17.482 -10.691
17.841 -11.639
18.156 -12.612
18.424 -13.612
18.640 -14.642
18.799 -15.704
18.893 -16.805
18.908 -17.951
18.826 -19.153
18.612 -20.431
18.201 -21.823
17.413 -23.433
15.000 -25.981
15.500 -26.847
