209
1093.0
0 13 12 11 10 9 8 7 6 5 4 3 2 1 13 12 11 10 9 8 7 6 5 4 3 2 1 13 12 11 10 9 8 7 6 5 4 3 2 1 13 12 11 10 9 8 7 6 5 4 3 2 1 13 12 11 10 9 8 7 6 5 4 3 2 1 13 12 11 10 9 8 7 6 5 4 3 2 1 13 12 11 10 9 8 7 6 5 4 3 2 1 13 12 11 10 9 8 7 6 5 4 3 2 1 13 12 11 10 9 8 7 6 5 4 3 2 1 13 12 11 10 9 8 7 6 5 4 3 2 1 13 12 11 10 9 8 7 6 5 4 3 2 1 13 12 11 10 9 8 7 6 5 4 3 2 1 13 12 11 10 9 8 7 6 5 4 3 2 1 13 12 11 10 9 8 7 6 5 4 3 2 1 13 12 11 10 9 8 7 6 5 4 3 2 1 13 12 11 10 9 8 7 6 5 4 3 2 1 
0.000 0.000
1.000 3.123
2.000 3.904
3.000 4.417
4.000 4.750
5.000 4.939
6.000 5.000
7.000 4.939
8.000 4.750
9.000 4.417
10.000 3.904
11.000 3.123
12.000 1.746
13.000 0.000
-0.243 3.271
0.392 4.369
1.127 5.219
1.929 5.902
2.786 6.452
3.690 6.884
4.640 7.201
5.638 7.401
6.690 7.467
7.809 7.366
9.029 7.017
10.472 6.114
12.053 4.870
-1.450 2.941
-1.274 4.198
-0.910 5.261
-0.422 6.195
0.166 7.026
0.843 7.765
1.605 8.415
2.455 8.974
3.406 9.429
4.481 9.755
5.743 9.888
7.419 9.592
9.351 9.031
-2.447 2.184
-2.753 3.415
-2.815 4.537
-2.712 5.586
-2.478 6.576
-2.127 7.515
-1.665 8.404
-1.085 9.240
-0.375 10.019
0.501 10.723
1.621 11.319
3.286 11.673
5.288 11.876
-3.087 1.108
-3.832 2.135
-4.310 3.152
-4.607 4.163
-4.761 5.169
-4.788 6.171
-4.691 7.168
-4.468 8.161
-4.100 9.149
-3.553 10.130
-2.738 11.102
-1.326 12.054
0.454 12.992
-3.277 -0.129
-4.353 0.544
-5.177 1.308
-5.831 2.134
-6.351 3.009
-6.751 3.928
-7.035 4.889
-7.200 5.893
-7.229 6.946
-7.089 8.062
-6.697 9.268
-5.745 10.679
-4.446 12.216
-2.990 -1.347
-4.240 -1.126
-5.290 -0.726
-6.206 -0.206
-7.016 0.411
-7.731 1.113
-8.354 1.897
-8.883 2.767
-9.305 3.733
-9.593 4.819
-9.682 6.085
-9.327 7.749
-8.699 9.661
-2.268 -2.369
-3.509 -2.632
-4.633 -2.655
-5.677 -2.516
-6.659 -2.247
-7.585 -1.864
-8.457 -1.370
-9.273 -0.762
-10.026 -0.025
-10.699 0.875
-11.256 2.015
-11.551 3.691
-11.684 5.699
-1.215 -3.046
-2.267 -3.755
-3.301 -4.197
-4.322 -4.459
-5.332 -4.578
-6.334 -4.569
-7.327 -4.438
-8.312 -4.180
-9.286 -3.779
-10.248 -3.197
-11.191 -2.349
-12.093 -0.905
-12.968 0.907
0.014 -3.280
-0.696 -4.331
-1.488 -5.128
-2.336 -5.753
-3.229 -6.242
-4.161 -6.609
-5.131 -6.860
-6.141 -6.990
-7.194 -6.982
-8.304 -6.803
-9.496 -6.370
-10.873 -5.369
-12.364 -4.017
1.242 -3.036
0.978 -4.276
0.541 -5.312
-0.011 -6.210
-0.656 -6.997
-1.382 -7.687
-2.188 -8.283
-3.075 -8.781
-4.055 -9.169
-5.151 -9.419
-6.419 -9.463
-8.070 -9.051
-9.959 -8.356
2.288 -2.349
2.508 -3.599
2.492 -4.723
2.316 -5.762
2.013 -6.733
1.598 -7.645
1.074 -8.499
0.438 -9.293
-0.325 -10.020
-1.247 -10.662
-2.406 -11.179
-4.092 -11.415
-6.103 -11.478
3.002 -1.321
3.674 -2.397
4.079 -3.445
4.306 -4.475
4.389 -5.489
4.345 -6.490
4.180 -7.478
3.888 -8.453
3.452 -9.412
2.838 -10.353
1.957 -11.266
0.482 -12.117
-1.359 -12.929
3.278 -0.100
4.304 -0.846
5.073 -1.666
5.668 -2.536
6.126 -3.445
6.460 -4.389
6.677 -5.368
6.771 -6.381
6.727 -7.434
6.509 -8.536
6.034 -9.713
4.986 -11.054
3.583 -12.496
3.077 1.135
4.308 0.828
5.328 0.356
6.206 -0.228
6.970 -0.900
7.634 -1.650
8.201 -2.476
8.668 -3.380
9.022 -4.373
9.233 -5.476
9.234 -6.745
8.764 -8.381
8.004 -10.244
2.428 2.205
3.684 2.381
4.807 2.325
5.839 2.113
6.799 1.777
7.696 1.330
8.532 0.777
9.303 0.113
10.003 -0.675
10.612 -1.619
11.088 -2.795
11.265 -4.488
11.258 -6.500
