249
13889.0
0 31 30 29 28 27 26 25 24 23 22 21 20 19 18 17 16 15 14 13 12 11 10 9 8 7 6 5 4 3 2 1 31 30 29 28 27 26 25 24 23 22 21 20 19 18 17 16 15 14 13 12 11 10 9 8 7 6 5 4 3 2 1 31 30 29 28 27 26 25 24 23 22 21 20 19 18 17 16 15 14 13 12 11 10 9 8 7 6 5 4 3 2 1 31 30 29 28 27 26 25 24 23 22 21 20 19 18 17 16 15 14 13 12 11 10 9 8 7 6 5 4 3 2 1 31 30 29 28 27 26 25 24 23 22 21 20 19 18 17 16 15 14 13 12 11 10 9 8 7 6 5 4 3 2 1 31 30 29 28 27 26 25 24 23 22 21 20 19 18 17 16 15 14 13 12 11 10 9 8 7 6 5 4 3 2 1 31 30 29 28 27 26 25 24 23 22 21 20 19 18 17 16 15 14 13 12 11 10 9 8 7 6 5 4 3 2 1 31 30 29 28 27 26 25 24 23 22 21 20 19 18 17 16 15 14 13 12 11 10 9 8 7 6 5 4 3 2 1 
0.000 0.000
1.000 7.571
2.000 8.742
3.000 9.701
4.000 10.506
5.000 11.191
6.000 11.776
7.000 12.277
8.000 12.702
9.000 13.059
10.000 13.353
11.000 13.590
12.000 13.771
13.000 13.899
14.000 13.975
15.000 14.000
16.000 13.975
17.000 13.899
18.000 13.771
19.000 13.590
20.000 13.353
21.000 13.059
22.000 12.702
23.000 12.277
24.000 11.776
25.000 11.191
26.000 10.506
27.000 9.701
28.000 8.742
29.000 7.571
30.000 6.066
31.000 3.855
-4.646 6.060
-4.767 7.596
-4.738 8.981
-4.601 10.258
-4.378 11.449
-4.085 12.570
-3.731 13.631
-3.324 14.638
-2.870 15.598
-2.371 16.513
-1.831 17.388
-1.252 18.223
-0.635 19.020
0.018 19.781
0.707 20.506
1.432 21.195
2.193 21.849
2.991 22.465
3.826 23.044
4.700 23.584
5.615 24.083
6.575 24.538
7.583 24.944
8.643 25.298
9.764 25.591
10.956 25.814
12.232 25.951
13.618 25.980
15.153 25.859
16.924 25.502
19.195 24.646
-7.571 1.000
-8.742 2.000
-9.701 3.000
-10.506 4.000
-11.191 5.000
-11.776 6.000
-12.277 7.000
-12.702 8.000
-13.059 9.000
-13.353 10.000
-13.590 11.000
-13.771 12.000
-13.899 13.000
-13.975 14.000
-14.000 15.000
-13.975 16.000
-13.899 17.000
-13.771 18.000
-13.590 19.000
-13.353 20.000
-13.059 21.000
-12.702 22.000
-12.277 23.000
-11.776 24.000
-11.191 25.000
-10.506 26.000
-9.701 27.000
-8.742 28.000
-7.571 29.000
-6.066 30.000
-3.855 31.000
-6.060 -4.646
-7.596 -4.767
-8.981 -4.738
-10.258 -4.601
-11.449 -4.378
-12.570 -4.085
-13.631 -3.731
-14.638 -3.324
-15.598 -2.870
-16.513 -2.371
-17.388 -1.831
-18.223 -1.252
-19.020 -0.635
-19.781 0.018
-20.506 0.707
-21.195 1.432
-21.849 2.193
-22.465 2.991
-23.044 3.826
-23.584 4.700
-24.083 5.615
-24.538 6.575
-24.944 7.583
-25.298 8.643
-25.591 9.764
-25.814 10.956
-25.951 12.232
-25.980 13.618
-25.859 15.153
-25.502 16.924
-24.646 19.195
-1.000 -7.571
-2.000 -8.742
-3.000 -9.701
-4.000 -10.506
-5.000 -11.191
-6.000 -11.776
-7.000 -12.277
-8.000 -12.702
-9.000 -13.059
-10.000 -13.353
-11.000 -13.590
-12.000 -13.771
-13.000 -13.899
-14.000 -13.975
-15.000 -14.000
-16.000 -13.975
-17.000 -13.899
-18.000 -13.771
-19.000 -13.590
-20.000 -13.353
-21.000 -13.059
-22.000 -12.702
-23.000 -12.277
-24.000 -11.776
-25.000 -11.191
-26.000 -10.506
-27.000 -9.701
-28.000 -8.742
-29.000 -7.571
-30.000 -6.066
-31.000 -3.855
4.646 -6.060
4.767 -7.596
4.738 -8.981
4.601 -10.258
4.378 -11.449
4.085 -12.570
3.731 -13.631
3.324 -14.638
2.870 -15.598
2.371 -16.513
1.831 -17.388
1.252 -18.223
0.635 -19.020
-0.018 -19.781
-0.707 -20.506
-1.432 -21.195
-2.193 -21.849
-2.991 -22.465
-3.826 -23.044
-4.700 -23.584
-5.615 -24.083
-6.575 -24.538
-7.583 -24.944
-8.643 -25.298
-9.764 -25.591
-10.956 -25.814
-12.232 -25.951
-13.618 -25.980
-15.153 -25.859
-16.924 -25.502
-19.195 -24.646
7.571 -1.000
8.742 -2.000
9.701 -3.000
10.506 -4.000
11.191 -5.000
11.776 -6.000
12.277 -7.000
12.702 -8.000
13.059 -9.000
13.353 -10.000
13.590 -11.000
13.771 -12.000
13.899 -13.000
13.975 -14.000
14.000 -15.000
13.975 -16.000
13.899 -17.000
13.771 -18.000
13.590 -19.000
13.353 -20.000
13.059 -21.000
12.702 -22.000
12.277 -23.000
11.776 -24.000
11.191 -25.000
10.506 -26.000
9.701 -27.000
8.742 -28.000
7.571 -29.000
6.066 -30.000
3.855 -31.000
6.060 4.646
7.596 4.767
8.981 4.738
10.258 4.601
11.449 4.378
12.570 4.085
13.631 3.731
14.638 3.324
15.598 2.870
16.513 2.371
17.388 1.831
18.223 1.252
19.020 0.635
19.781 -0.018
20.506 -0.707
21.195 -1.432
21.849 -2.193
22.465 -2.991
23.044 -3.826
23.584 -4.700
24.083 -5.615
24.538 -6.575
24.944 -7.583
25.298 -8.643
25.591 -9.764
25.814 -10.956
25.951 -12.232
25.980 -13.618
25.859 -15.153
25.502 -16.924
24.646 -19.195
