273
2551.0
0 17 16 15 14 13 12 11 10 9 8 7 6 5 4 3 2 1 17 16 15 14 13 12 11 10 9 8 7 6 5 4 3 2 1 17 16 15 14 13 12 11 10 9 8 7 6 5 4 3 2 1 17 16 15 14 13 12 11 10 9 8 7 6 5 4 3 2 1 17 16 15 14 13 12 11 10 9 8 7 6 5 4 3 2 1 17 16 15 14 13 12 11 10 9 8 7 6 5 4 3 2 1 17 16 15 14 13 12 11 10 9 8 7 6 5 4 3 2 1 17 16 15 14 13 12 11 10 9 8 7 6 5 4 3 2 1 17 16 15 14 13 12 11 10 9 8 7 6 5 4 3 2 1 17 16 15 14 13 12 11 10 9 8 7 6 5 4 3 2 1 17 16 15 14 13 12 11 10 9 8 7 6 5 4 3 2 1 17 16 15 14 13 12 11 10 9 8 7 6 5 4 3 2 1 17 16 15 14 13 12 11 10 9 8 7 6 5 4 3 2 1 17 16 15 14 13 12 11 10 9 8 7 6 5 4 3 2 1 17 16 15 14 13 12 11 10 9 8 7 6 5 4 3 2 1 17 16 15 14 13 12 11 10 9 8 7 6 5 4 3 2 1 
0.000 0.000
1.000 5.363
2.000 6.174
3.000 6.784
4.000 7.245
5.000 7.585
6.000 7.818
7.000 7.955
8.000 8.000
9.000 7.955
10.000 7.818
11.000 7.585
12.000 7.245
13.000 6.784
14.000 6.174
15.000 5.363
16.000 4.240
17.000 2.399
-1.082 5.347
-0.458 6.473
0.240 7.414
0.995 8.216
1.795 8.905
2.634 9.497
3.510 9.998
4.421 10.414
5.365 10.747
6.343 10.995
7.358 11.153
8.412 11.213
9.512 11.160
10.668 10.968
11.899 10.592
13.247 9.925
14.864 8.592
-3.006 4.553
-2.850 5.830
-2.555 6.964
-2.156 7.990
-1.672 8.929
-1.115 9.792
-0.491 10.585
0.197 11.312
0.948 11.974
1.762 12.570
2.644 13.097
3.599 13.548
4.639 13.911
5.782 14.166
7.064 14.278
8.564 14.165
10.563 13.535
-4.493 3.095
-4.826 4.338
-4.977 5.500
-4.992 6.601
-4.895 7.653
-4.702 8.661
-4.420 9.630
-4.054 10.562
-3.607 11.457
-3.075 12.315
-2.455 13.134
-1.738 13.909
-0.910 14.635
0.055 15.301
1.202 15.885
2.634 16.341
4.723 16.506
-5.325 1.187
-6.100 2.214
-6.675 3.235
-7.101 4.250
-7.406 5.262
-7.604 6.269
-7.706 7.273
-7.716 8.274
-7.636 9.272
-7.464 10.267
-7.196 11.258
-6.822 12.246
-6.326 13.229
-5.681 14.207
-4.836 15.178
-3.679 16.138
-1.804 17.073
-5.382 -0.895
-6.485 -0.232
-7.401 0.499
-8.176 1.281
-8.837 2.104
-9.399 2.964
-9.869 3.857
-10.254 4.781
-10.553 5.736
-10.767 6.723
-10.890 7.742
-10.913 8.798
-10.821 9.896
-10.589 11.044
-10.170 12.261
-9.457 13.585
-8.068 15.154
-4.655 -2.846
-5.926 -2.645
-7.049 -2.310
-8.061 -1.875
-8.982 -1.359
-9.825 -0.772
-10.596 -0.121
-11.298 0.592
-11.934 1.365
-12.501 2.200
-12.997 3.099
-13.414 4.070
-13.740 5.122
-13.956 6.273
-14.023 7.558
-13.857 9.053
-13.158 11.029
-3.250 -4.382
-4.504 -4.672
-5.670 -4.782
-6.771 -4.759
-7.819 -4.625
-8.820 -4.397
-9.779 -4.081
-10.697 -3.683
-11.576 -3.205
-12.415 -2.643
-13.212 -1.995
-13.962 -1.252
-14.658 -0.399
-15.289 0.588
-15.833 1.755
-16.239 3.203
-16.331 5.297
-1.372 -5.280
-2.426 -6.019
-3.466 -6.558
-4.496 -6.949
-5.517 -7.217
-6.531 -7.381
-7.538 -7.447
-8.539 -7.422
-9.533 -7.308
-10.521 -7.102
-11.502 -6.799
-12.476 -6.391
-13.442 -5.861
-14.397 -5.182
-15.338 -4.304
-16.257 -3.114
-17.126 -1.207
0.706 -5.410
0.006 -6.489
-0.757 -7.379
-1.565 -8.127
-2.411 -8.759
-3.290 -9.290
-4.199 -9.729
-5.136 -10.081
-6.101 -10.347
-7.095 -10.526
-8.118 -10.613
-9.174 -10.599
-10.267 -10.469
-11.407 -10.198
-12.609 -9.736
-13.907 -8.977
-15.427 -7.534
2.681 -4.751
2.436 -6.015
2.063 -7.125
1.593 -8.121
1.045 -9.024
0.429 -9.846
-0.249 -10.593
-0.986 -11.271
-1.781 -11.879
-2.635 -12.417
-3.551 -12.881
-4.535 -13.264
-5.598 -13.553
-6.756 -13.728
-8.043 -13.750
-9.531 -13.533
-11.481 -12.765
4.266 -3.401
4.512 -4.664
4.581 -5.834
4.519 -6.933
4.350 -7.976
4.086 -8.968
3.737 -9.915
3.308 -10.819
2.799 -11.681
2.208 -12.500
1.533 -13.273
0.764 -13.997
-0.113 -14.663
-1.122 -15.260
-2.307 -15.762
-3.768 -16.118
-5.863 -16.136
5.229 -1.555
5.931 -2.634
6.433 -3.693
6.787 -4.735
7.021 -5.765
7.148 -6.784
7.180 -7.793
7.120 -8.792
6.971 -9.782
6.730 -10.762
6.393 -11.733
5.951 -12.692
5.388 -13.638
4.676 -14.569
3.766 -15.478
2.544 -16.356
0.608 -17.158
5.431 0.517
6.486 -0.221
7.348 -1.014
8.067 -1.848
8.669 -2.716
9.169 -3.613
9.576 -4.536
9.895 -5.485
10.128 -6.459
10.272 -7.458
10.323 -8.483
10.272 -9.538
10.104 -10.626
9.793 -11.756
9.290 -12.941
8.486 -14.211
6.991 -15.680
4.842 2.514
6.096 2.225
7.193 1.813
8.172 1.309
9.055 0.730
9.855 0.085
10.578 -0.619
11.229 -1.379
11.810 -2.195
12.317 -3.067
12.749 -3.998
13.097 -4.995
13.349 -6.068
13.484 -7.231
13.461 -8.518
13.192 -9.998
12.356 -11.920
3.548 4.145
4.819 4.346
5.990 4.375
7.087 4.275
8.122 4.069
9.105 3.771
10.040 3.389
10.928 2.928
11.772 2.389
12.569 1.771
13.319 1.069
14.015 0.275
14.650 -0.625
15.211 -1.654
15.672 -2.855
15.976 -4.328
15.922 -6.423
