337
4698.0
0 21 20 19 18 17 16 15 14 13 12 11 10 9 8 7 6 5 4 3 2 1 21 20 19 18 17 16 15 14 13 12 11 10 9 8 7 6 5 4 3 2 1 21 20 19 18 17 16 15 14 13 12 11 10 9 8 7 6 5 4 3 2 1 21 20 19 18 17 16 15 14 13 12 11 10 9 8 7 6 5 4 3 2 1 21 20 19 18 17 16 15 14 13 12 11 10 9 8 7 6 5 4 3 2 1 21 20 19 18 17 16 15 14 13 12 11 10 9 8 7 6 5 4 3 2 1 21 20 19 18 17 16 15 14 13 12 11 10 9 8 7 6 5 4 3 2 1 21 20 19 18 17 16 15 14 13 12 11 10 9 8 7 6 5 4 3 2 1 21 20 19 18 17 16 15 14 13 12 11 10 9 8 7 6 5 4 3 2 1 21 20 19 18 17 16 15 14 13 12 11 10 9 8 7 6 5 4 3 2 1 21 20 19 18 17 16 15 14 13 12 11 10 9 8 7 6 5 4 3 2 1 21 20 19 18 17 16 15 14 13 12 11 10 9 8 7 6 5 4 3 2 1 21 20 19 18 17 16 15 14 13 12 11 10 9 8 7 6 5 4 3 2 1 21 20 19 18 17 16 15 14 13 12 11 10 9 8 7 6 5 4 3 2 1 21 20 19 18 17 16 15 14 13 12 11 10 9 8 7 6 5 4 3 2 1 21 20 19 18 17 16 15 14 13 12 11 10 9 8 7 6 5 4 3 2 1 
0.000 0.000
1.000 5.933
2.000 6.986
3.000 7.797
4.000 8.438
5.000 8.944
6.000 9.338
7.000 9.633
8.000 9.839
9.000 9.960
10.000 10.000
11.000 9.960
12.000 9.839
13.000 9.633
14.000 9.338
15.000 8.944
16.000 8.438
17.000 7.797
18.000 6.986
19.000 5.933
20.000 4.472
21.000 1.789
-1.295 5.876
-0.763 7.226
-0.139 8.353
0.548 9.322
1.285 10.166
2.065 10.906
2.882 11.554
3.732 12.119
4.614 12.606
5.526 13.018
6.468 13.355
7.441 13.618
8.445 13.802
9.482 13.903
10.557 13.912
11.674 13.817
12.841 13.598
14.072 13.220
15.394 12.618
16.868 11.639
18.801 9.525
-3.402 4.962
-3.414 6.414
-3.259 7.693
-2.984 8.848
-2.617 9.907
-2.171 10.885
-1.656 11.792
-1.080 12.635
-0.445 13.416
0.247 14.140
0.994 14.806
1.798 15.413
2.660 15.960
3.584 16.442
4.577 16.854
5.648 17.184
6.812 17.418
8.095 17.529
9.546 17.466
11.280 17.110
13.863 15.875
-5.013 3.327
-5.568 4.668
-5.903 5.912
-6.082 7.086
-6.137 8.206
-6.090 9.279
-5.953 10.313
-5.734 11.310
-5.438 12.273
-5.068 13.203
-4.625 14.100
-4.107 14.964
-3.513 15.794
-2.836 16.588
-2.070 17.341
-1.201 18.049
-0.209 18.702
0.940 19.285
2.308 19.771
4.049 20.090
6.907 19.912
-5.894 1.206
-6.912 2.243
-7.688 3.270
-8.293 4.292
-8.764 5.309
-9.123 6.322
-9.383 7.332
-9.554 8.338
-9.640 9.342
-9.645 10.343
-9.570 11.341
-9.414 12.336
-9.174 13.328
-8.844 14.317
-8.415 15.303
-7.874 16.285
-7.199 17.262
-6.353 18.233
-5.266 19.195
-3.771 20.144
-1.055 21.050
-5.917 -1.089
-7.248 -0.510
-8.353 0.152
-9.297 0.873
-10.115 1.639
-10.827 2.444
-11.446 3.283
-11.982 4.153
-12.437 5.051
-12.817 5.977
-13.121 6.930
-13.350 7.911
-13.499 8.921
-13.563 9.962
-13.535 11.036
-13.401 12.149
-13.142 13.308
-12.721 14.525
-12.074 15.825
-11.043 17.264
-8.863 19.122
-5.078 -3.227
-6.530 -3.188
-7.802 -2.988
-8.947 -2.674
-9.993 -2.269
-10.954 -1.790
-11.843 -1.244
-12.665 -0.638
-13.424 0.024
-14.123 0.740
-14.762 1.510
-15.341 2.334
-15.858 3.215
-16.307 4.156
-16.684 5.162
-16.977 6.244
-17.170 7.416
-17.236 8.702
-17.123 10.150
-16.706 11.870
-15.381 14.409
-3.500 -4.894
-4.860 -5.402
-6.115 -5.693
-7.294 -5.831
-8.415 -5.847
-9.486 -5.763
-10.515 -5.590
-11.503 -5.336
-12.455 -5.007
-13.372 -4.604
-14.253 -4.130
-15.099 -3.583
-15.907 -2.960
-16.677 -2.256
-17.403 -1.463
-18.080 -0.570
-18.698 0.444
-19.241 1.612
-19.678 2.997
-19.936 4.748
-19.659 7.598
-1.411 -5.849
-2.482 -6.829
-3.537 -7.569
-4.579 -8.138
-5.612 -8.574
-6.637 -8.897
-7.655 -9.122
-8.667 -9.257
-9.673 -9.308
-10.673 -9.278
-11.668 -9.168
-12.657 -8.978
-13.640 -8.703
-14.617 -8.339
-15.587 -7.876
-16.550 -7.301
-17.503 -6.593
-18.443 -5.713
-19.368 -4.593
-20.263 -3.066
-21.074 -0.320
0.882 -5.952
0.257 -7.262
-0.444 -8.343
-1.197 -9.261
-1.991 -10.052
-2.821 -10.735
-3.681 -11.325
-4.568 -11.829
-5.482 -12.254
-6.420 -12.601
-7.384 -12.872
-8.372 -13.065
-9.387 -13.179
-10.429 -13.207
-11.502 -13.142
-12.609 -12.969
-13.758 -12.669
-14.960 -12.206
-16.237 -11.514
-17.639 -10.434
-19.419 -8.191
3.048 -5.188
2.958 -6.637
2.714 -7.902
2.360 -9.035
1.919 -10.066
1.406 -11.010
0.830 -11.879
0.196 -12.679
-0.492 -13.415
-1.233 -14.088
-2.024 -14.700
-2.868 -15.250
-3.766 -15.736
-4.722 -16.152
-5.741 -16.494
-6.833 -16.748
-8.011 -16.901
-9.298 -16.922
-10.741 -16.758
-12.446 -16.282
-14.937 -14.869
4.769 -3.668
5.229 -5.045
5.476 -6.310
5.572 -7.493
5.550 -8.614
5.428 -9.682
5.219 -10.703
4.931 -11.683
4.569 -12.622
4.135 -13.524
3.630 -14.388
3.053 -15.214
2.403 -16.001
1.672 -16.745
0.855 -17.443
-0.061 -18.089
-1.096 -18.671
-2.282 -19.173
-3.681 -19.561
-5.441 -19.758
-8.279 -19.382
5.796 -1.615
6.738 -2.719
7.441 -3.799
7.974 -4.860
8.373 -5.908
8.660 -6.943
8.849 -7.969
8.949 -8.985
8.965 -9.992
8.900 -10.991
8.756 -11.981
8.530 -12.963
8.222 -13.936
7.824 -14.899
7.327 -15.853
6.719 -16.794
5.978 -17.722
5.066 -18.632
3.914 -19.516
2.357 -20.358
-0.416 -21.072
5.979 0.674
7.266 0.003
8.322 -0.735
9.214 -1.519
9.976 -2.341
10.630 -3.194
11.190 -4.074
11.663 -4.978
12.055 -5.906
12.369 -6.856
12.606 -7.829
12.765 -8.823
12.843 -9.841
12.835 -10.884
12.732 -11.954
12.521 -13.054
12.181 -14.192
11.677 -15.377
10.940 -16.629
9.812 -17.993
7.508 -19.693
5.291 2.865
6.736 2.725
7.991 2.437
9.112 2.043
10.126 1.567
11.052 1.021
11.901 0.415
12.678 -0.247
13.389 -0.960
14.037 -1.723
14.621 -2.536
15.141 -3.399
15.595 -4.313
15.978 -5.283
16.283 -6.314
16.500 -7.413
16.611 -8.596
16.587 -9.883
16.373 -11.320
15.837 -13.007
14.339 -15.447
3.833 4.638
5.225 5.050
6.497 5.253
7.683 5.308
8.802 5.246
9.865 5.087
10.879 4.843
11.848 4.521
12.774 4.126
13.660 3.660
14.506 3.126
15.312 2.521
16.075 1.843
16.793 1.087
17.463 0.246
18.075 -0.692
18.621 -1.747
19.081 -2.950
19.421 -4.362
19.557 -6.127
19.081 -8.951
