37
375.0
0 9 8 7 6 5 4 3 2 1 9 8 7 6 5 4 3 2 1 9 8 7 6 5 4 3 2 1 9 8 7 6 5 4 3 2 1 
0.000 0.000
1.000 2.121
2.000 2.646
3.000 2.915
4.000 3.000
5.000 2.915
6.000 2.646
7.000 2.121
8.000 1.000
9.000 0.000
-2.121 1.000
-2.646 2.000
-2.915 3.000
-3.000 4.000
-2.915 5.000
-2.646 6.000
-2.121 7.000
-1.000 8.000
0.000 9.000
-1.000 -2.121
-2.000 -2.646
-3.000 -2.915
-4.000 -3.000
-5.000 -2.915
-6.000 -2.646
-7.000 -2.121
-8.000 -1.000
-9.000 0.000
2.121 -1.000
2.646 -2.000
2.915 -3.000
3.000 -4.000
2.915 -5.000
2.646 -6.000
2.121 -7.000
1.000 -8.000
-0.000 -9.000
