41
85.0
0 5 4 3 2 1 5 4 3 2 1 5 4 3 2 1 5 4 3 2 1 5 4 3 2 1 5 4 3 2 1 5 4 3 2 1 5 4 3 2 1 
0.000 0.000
1.000 1.807
2.000 2.000
3.000 1.807
4.000 1.029
5.000 0.000
-0.571 1.985
0.000 2.828
0.844 3.399
2.101 3.556
3.536 3.536
-1.807 1.000
-2.000 2.000
-1.807 3.000
-1.029 4.000
0.000 5.000
-1.985 -0.571
-2.828 0.000
-3.399 0.844
-3.556 2.101
-3.536 3.536
-1.000 -1.807
-2.000 -2.000
-3.000 -1.807
-4.000 -1.029
-5.000 0.000
0.571 -1.985
-0.000 -2.828
-0.844 -3.399
-2.101 -3.556
-3.536 -3.536
1.807 -1.000
2.000 -2.000
1.807 -3.000
1.029 -4.000
-0.000 -5.000
1.985 0.571
2.828 -0.000
3.399 -0.844
3.556 -2.101
3.536 -3.536
