49
20.0
0 3 2 1 3 2 1 3 2 1 3 2 1 3 2 1 3 2 1 3 2 1 3 2 1 3 2 1 3 2 1 3 2 1 3 2 1 3 2 1 3 2 1 3 2 1 3 2 1 
0.000 0.000
1.000 1.000
2.000 0.669
3.000 0.000
0.553 1.302
1.604 1.369
2.782 1.124
0.025 1.414
0.974 1.871
2.158 2.084
-0.507 1.320
0.202 2.099
1.220 2.741
-0.964 1.034
-0.599 2.022
0.105 2.998
-1.282 0.598
-1.313 1.651
-1.026 2.819
-1.412 0.074
-1.835 1.039
-2.007 2.229
-1.337 -0.460
-2.091 0.275
-2.696 1.315
-1.067 -0.928
-2.042 -0.528
-2.993 0.209
-0.642 -1.260
-1.695 -1.254
-2.853 -0.927
-0.123 -1.409
-1.102 -1.798
-2.298 -1.928
0.413 -1.352
-0.348 -2.080
-1.408 -2.649
0.890 -1.099
0.456 -2.059
-0.314 -2.984
1.237 -0.686
1.194 -1.738
0.827 -2.884
1.404 -0.172
1.758 -1.164
1.847 -2.364
1.366 0.366
2.067 -0.421
2.598 -1.500
