52
2247.0
0 17 16 15 14 13 12 11 10 9 8 7 6 5 4 3 2 1 17 16 15 14 13 12 11 10 9 8 7 6 5 4 3 2 1 17 16 15 14 13 12 11 10 9 8 7 6 5 4 3 2 1 
0.000 0.000
1.000 3.062
2.000 4.054
3.000 4.734
4.000 5.225
5.000 5.578
6.000 5.816
7.000 5.955
8.000 6.000
9.000 5.955
10.000 5.816
11.000 5.578
12.000 5.225
13.000 4.734
14.000 4.054
15.000 3.062
16.000 1.106
17.000 0.000
-3.151 -0.665
-4.511 -0.295
-5.600 0.231
-6.525 0.851
-7.330 1.541
-8.037 2.288
-8.657 3.085
-9.196 3.928
-9.657 4.817
-10.037 5.752
-10.330 6.737
-10.525 7.780
-10.600 8.891
-10.511 10.097
-10.151 11.460
-8.958 13.304
-8.500 14.722
2.151 -2.397
2.511 -3.759
2.600 -4.965
2.525 -6.077
2.330 -7.119
2.037 -8.104
1.657 -9.039
1.196 -9.928
0.657 -10.772
0.037 -11.568
-0.670 -12.315
-1.475 -13.005
-2.400 -13.626
-3.489 -14.152
-4.849 -14.521
-7.042 -14.409
-8.500 -14.722
