53
1095.0
0 13 12 11 10 9 8 7 6 5 4 3 2 1 13 12 11 10 9 8 7 6 5 4 3 2 1 13 12 11 10 9 8 7 6 5 4 3 2 1 13 12 11 10 9 8 7 6 5 4 3 2 1 
0.000 0.000
1.000 2.867
2.000 3.776
3.000 4.354
4.000 4.724
5.000 4.932
6.000 5.000
7.000 4.932
8.000 4.724
9.000 4.354
10.000 3.776
11.000 2.867
12.000 0.916
13.000 0.000
-2.867 1.000
-3.776 2.000
-4.354 3.000
-4.724 4.000
-4.932 5.000
-5.000 6.000
-4.932 7.000
-4.724 8.000
-4.354 9.000
-3.776 10.000
-2.867 11.000
-0.916 12.000
0.000 13.000
-1.000 -2.867
-2.000 -3.776
-3.000 -4.354
-4.000 -4.724
-5.000 -4.932
-6.000 -5.000
-7.000 -4.932
-8.000 -4.724
-9.000 -4.354
-10.000 -3.776
-11.000 -2.867
-12.000 -0.916
-13.000 0.000
2.867 -1.000
3.776 -2.000
4.354 -3.000
4.724 -4.000
4.932 -5.000
5.000 -6.000
4.932 -7.000
4.724 -8.000
4.354 -9.000
3.776 -10.000
2.867 -11.000
0.916 -12.000
-0.000 -13.000
