55
421.0
0 9 8 7 6 5 4 3 2 1 9 8 7 6 5 4 3 2 1 9 8 7 6 5 4 3 2 1 9 8 7 6 5 4 3 2 1 9 8 7 6 5 4 3 2 1 9 8 7 6 5 4 3 2 1 
0.000 0.000
1.000 3.087
2.000 3.623
3.000 3.909
4.000 4.000
5.000 3.909
6.000 3.623
7.000 3.087
8.000 2.120
9.000 0.000
-2.173 2.409
-2.137 3.543
-1.885 4.553
-1.464 5.464
-0.885 6.285
-0.137 7.007
0.827 7.606
2.164 7.988
4.500 7.794
-3.173 -0.677
-4.137 -0.079
-4.885 0.644
-5.464 1.464
-5.885 2.376
-6.137 3.385
-6.173 4.519
-5.836 5.868
-4.500 7.794
-1.000 -3.087
-2.000 -3.623
-3.000 -3.909
-4.000 -4.000
-5.000 -3.909
-6.000 -3.623
-7.000 -3.087
-8.000 -2.120
-9.000 0.000
2.173 -2.409
2.137 -3.543
1.885 -4.553
1.464 -5.464
0.885 -6.285
0.137 -7.007
-0.827 -7.606
-2.164 -7.988
-4.500 -7.794
3.173 0.677
4.137 0.079
4.885 -0.644
5.464 -1.464
5.885 -2.376
6.137 -3.385
6.173 -4.519
5.836 -5.868
4.500 -7.794
