64
4808.0
0 21 20 19 18 17 16 15 14 13 12 11 10 9 8 7 6 5 4 3 2 1 21 20 19 18 17 16 15 14 13 12 11 10 9 8 7 6 5 4 3 2 1 21 20 19 18 17 16 15 14 13 12 11 10 9 8 7 6 5 4 3 2 1 
0.000 0.000
1.000 4.257
2.000 5.268
3.000 6.021
4.000 6.604
5.000 7.060
6.000 7.412
7.000 7.675
8.000 7.857
9.000 7.965
10.000 8.000
11.000 7.965
12.000 7.857
13.000 7.675
14.000 7.412
15.000 7.060
16.000 6.604
17.000 6.021
18.000 5.268
19.000 4.257
20.000 2.713
21.000 0.000
-4.187 -1.263
-5.562 -0.902
-6.714 -0.412
-7.719 0.162
-8.614 0.800
-9.419 1.490
-10.147 2.225
-10.804 3.000
-11.397 3.812
-11.928 4.660
-12.397 5.544
-12.804 6.464
-13.147 7.421
-13.419 8.418
-13.614 9.460
-13.719 10.554
-13.714 11.712
-13.562 12.954
-13.187 14.326
-12.350 15.964
-10.500 18.187
3.187 -2.995
3.562 -4.366
3.714 -5.608
3.719 -6.766
3.614 -7.860
3.419 -8.902
3.147 -9.900
2.804 -10.857
2.397 -11.776
1.928 -12.660
1.397 -13.509
0.804 -14.321
0.147 -15.096
-0.581 -15.830
-1.386 -16.520
-2.281 -17.158
-3.286 -17.733
-4.438 -18.222
-5.813 -18.583
-7.650 -18.677
-10.500 -18.187
