69
2551.0
0 17 16 15 14 13 12 11 10 9 8 7 6 5 4 3 2 1 17 16 15 14 13 12 11 10 9 8 7 6 5 4 3 2 1 17 16 15 14 13 12 11 10 9 8 7 6 5 4 3 2 1 17 16 15 14 13 12 11 10 9 8 7 6 5 4 3 2 1 
0.000 0.000
1.000 5.363
2.000 6.174
3.000 6.784
4.000 7.245
5.000 7.585
6.000 7.818
7.000 7.955
8.000 8.000
9.000 7.955
10.000 7.818
11.000 7.585
12.000 7.245
13.000 6.784
14.000 6.174
15.000 5.363
16.000 4.240
17.000 2.399
-5.363 1.000
-6.174 2.000
-6.784 3.000
-7.245 4.000
-7.585 5.000
-7.818 6.000
-7.955 7.000
-8.000 8.000
-7.955 9.000
-7.818 10.000
-7.585 11.000
-7.245 12.000
-6.784 13.000
-6.174 14.000
-5.363 15.000
-4.240 16.000
-2.399 17.000
-1.000 -5.363
-2.000 -6.174
-3.000 -6.784
-4.000 -7.245
-5.000 -7.585
-6.000 -7.818
-7.000 -7.955
-8.000 -8.000
-9.000 -7.955
-10.000 -7.818
-11.000 -7.585
-12.000 -7.245
-13.000 -6.784
-14.000 -6.174
-15.000 -5.363
-16.000 -4.240
-17.000 -2.399
5.363 -1.000
6.174 -2.000
6.784 -3.000
7.245 -4.000
7.585 -5.000
7.818 -6.000
7.955 -7.000
8.000 -8.000
7.955 -9.000
7.818 -10.000
7.585 -11.000
7.245 -12.000
6.784 -13.000
6.174 -14.000
5.363 -15.000
4.240 -16.000
2.399 -17.000
