73
375.0
0 9 8 7 6 5 4 3 2 1 9 8 7 6 5 4 3 2 1 9 8 7 6 5 4 3 2 1 9 8 7 6 5 4 3 2 1 9 8 7 6 5 4 3 2 1 9 8 7 6 5 4 3 2 1 9 8 7 6 5 4 3 2 1 9 8 7 6 5 4 3 2 1 
0.000 0.000
1.000 2.121
2.000 2.646
3.000 2.915
4.000 3.000
5.000 2.915
6.000 2.646
7.000 2.121
8.000 1.000
9.000 0.000
-0.793 2.207
-0.457 3.285
0.060 4.183
0.707 4.950
1.474 5.597
2.372 6.113
3.450 6.450
4.950 6.364
6.364 6.364
-2.121 1.000
-2.646 2.000
-2.915 3.000
-3.000 4.000
-2.915 5.000
-2.646 6.000
-2.121 7.000
-1.000 8.000
0.000 9.000
-2.207 -0.793
-3.285 -0.457
-4.183 0.060
-4.950 0.707
-5.597 1.474
-6.113 2.372
-6.450 3.450
-6.364 4.950
-6.364 6.364
-1.000 -2.121
-2.000 -2.646
-3.000 -2.915
-4.000 -3.000
-5.000 -2.915
-6.000 -2.646
-7.000 -2.121
-8.000 -1.000
-9.000 0.000
0.793 -2.207
0.457 -3.285
-0.060 -4.183
-0.707 -4.950
-1.474 -5.597
-2.372 -6.113
-3.450 -6.450
-4.950 -6.364
-6.364 -6.364
2.121 -1.000
2.646 -2.000
2.915 -3.000
3.000 -4.000
2.915 -5.000
2.646 -6.000
2.121 -7.000
1.000 -8.000
-0.000 -9.000
2.207 0.793
3.285 0.457
4.183 -0.060
4.950 -0.707
5.597 -1.474
6.113 -2.372
6.450 -3.450
6.364 -4.950
6.364 -6.364
