79
1185.0
0 13 12 11 10 9 8 7 6 5 4 3 2 1 13 12 11 10 9 8 7 6 5 4 3 2 1 13 12 11 10 9 8 7 6 5 4 3 2 1 13 12 11 10 9 8 7 6 5 4 3 2 1 13 12 11 10 9 8 7 6 5 4 3 2 1 13 12 11 10 9 8 7 6 5 4 3 2 1 
0.000 0.000
1.000 4.165
2.000 4.905
3.000 5.412
4.000 5.746
5.000 5.937
6.000 6.000
7.000 5.937
8.000 5.746
9.000 5.412
10.000 4.905
11.000 4.165
12.000 3.023
13.000 0.000
-3.107 2.949
-3.248 4.185
-3.187 5.304
-2.976 6.337
-2.642 7.299
-2.196 8.196
-1.642 9.031
-0.976 9.801
-0.187 10.500
0.752 11.113
1.893 11.609
3.382 11.904
6.500 11.258
-4.107 -1.216
-5.248 -0.721
-6.187 -0.108
-6.976 0.591
-7.642 1.361
-8.196 2.196
-8.642 3.093
-8.976 4.055
-9.187 5.088
-9.248 6.208
-9.107 7.444
-8.618 8.881
-6.500 11.258
-1.000 -4.165
-2.000 -4.905
-3.000 -5.412
-4.000 -5.746
-5.000 -5.937
-6.000 -6.000
-7.000 -5.937
-8.000 -5.746
-9.000 -5.412
-10.000 -4.905
-11.000 -4.165
-12.000 -3.023
-13.000 0.000
3.107 -2.949
3.248 -4.185
3.187 -5.304
2.976 -6.337
2.642 -7.299
2.196 -8.196
1.642 -9.031
0.976 -9.801
0.187 -10.500
-0.752 -11.113
-1.893 -11.609
-3.382 -11.904
-6.500 -11.258
4.107 1.216
5.248 0.721
6.187 0.108
6.976 -0.591
7.642 -1.361
8.196 -2.196
8.642 -3.093
8.976 -4.055
9.187 -5.088
9.248 -6.208
9.107 -7.444
8.618 -8.881
6.500 -11.258
