81
69.0
0 5 4 3 2 1 5 4 3 2 1 5 4 3 2 1 5 4 3 2 1 5 4 3 2 1 5 4 3 2 1 5 4 3 2 1 5 4 3 2 1 5 4 3 2 1 5 4 3 2 1 5 4 3 2 1 5 4 3 2 1 5 4 3 2 1 5 4 3 2 1 5 4 3 2 1 5 4 3 2 1 
0.000 0.000
1.000 0.832
2.000 1.000
3.000 0.832
4.000 0.000
5.000 0.000
0.615 1.146
1.480 1.676
2.470 1.895
3.709 1.498
4.636 1.873
0.141 1.293
0.744 2.109
1.580 2.683
2.877 2.779
3.597 3.473
-0.353 1.252
-0.100 2.234
0.460 3.079
1.627 3.654
2.034 4.568
-0.797 1.028
-0.930 2.034
-0.727 3.027
0.140 3.998
0.174 4.997
-1.124 0.655
-1.624 1.537
-1.808 2.534
-1.368 3.759
-1.710 4.698
-1.287 0.186
-2.081 0.817
-2.626 1.673
-2.677 2.973
-3.346 3.716
-1.264 -0.309
-2.236 -0.022
-3.061 0.567
-3.595 1.753
-4.494 2.192
-1.056 -0.760
-2.065 -0.858
-3.051 -0.621
-3.990 0.279
-4.988 0.349
-0.694 -1.100
-1.593 -1.569
-2.596 -1.718
-3.804 -1.236
-4.755 -1.545
-0.231 -1.280
-0.889 -2.052
-1.763 -2.566
-3.064 -2.571
-3.830 -3.214
0.265 -1.274
-0.056 -2.235
-0.674 -3.039
-1.878 -3.532
-2.347 -4.415
0.723 -1.081
0.785 -2.094
0.514 -3.071
-0.418 -3.978
-0.523 -4.973
1.075 -0.732
1.513 -1.647
1.627 -2.654
1.103 -3.845
1.378 -4.806
1.271 -0.276
2.019 -0.960
2.503 -1.852
2.463 -3.152
3.078 -3.940
1.282 0.221
2.232 -0.134
3.014 -0.779
3.464 -2.000
4.330 -2.500
