85
4467.0
0 21 20 19 18 17 16 15 14 13 12 11 10 9 8 7 6 5 4 3 2 1 21 20 19 18 17 16 15 14 13 12 11 10 9 8 7 6 5 4 3 2 1 21 20 19 18 17 16 15 14 13 12 11 10 9 8 7 6 5 4 3 2 1 21 20 19 18 17 16 15 14 13 12 11 10 9 8 7 6 5 4 3 2 1 
0.000 0.000
1.000 5.525
2.000 6.413
3.000 7.104
4.000 7.653
5.000 8.088
6.000 8.428
7.000 8.683
8.000 8.860
9.000 8.965
10.000 9.000
11.000 8.965
12.000 8.860
13.000 8.683
14.000 8.428
15.000 8.088
16.000 7.653
17.000 7.104
18.000 6.413
19.000 5.525
20.000 4.323
21.000 2.368
-5.525 1.000
-6.413 2.000
-7.104 3.000
-7.653 4.000
-8.088 5.000
-8.428 6.000
-8.683 7.000
-8.860 8.000
-8.965 9.000
-9.000 10.000
-8.965 11.000
-8.860 12.000
-8.683 13.000
-8.428 14.000
-8.088 15.000
-7.653 16.000
-7.104 17.000
-6.413 18.000
-5.525 19.000
-4.323 20.000
-2.368 21.000
-1.000 -5.525
-2.000 -6.413
-3.000 -7.104
-4.000 -7.653
-5.000 -8.088
-6.000 -8.428
-7.000 -8.683
-8.000 -8.860
-9.000 -8.965
-10.000 -9.000
-11.000 -8.965
-12.000 -8.860
-13.000 -8.683
-14.000 -8.428
-15.000 -8.088
-16.000 -7.653
-17.000 -7.104
-18.000 -6.413
-19.000 -5.525
-20.000 -4.323
-21.000 -2.368
5.525 -1.000
6.413 -2.000
7.104 -3.000
7.653 -4.000
8.088 -5.000
8.428 -6.000
8.683 -7.000
8.860 -8.000
8.965 -9.000
9.000 -10.000
8.965 -11.000
8.860 -12.000
8.683 -13.000
8.428 -14.000
8.088 -15.000
7.653 -16.000
7.104 -17.000
6.413 -18.000
5.525 -19.000
4.323 -20.000
2.368 -21.000
