121
3990.0
0 25 7 13 6 14 5 11 19 5 15 15 17 13 12 18 13 18 12 17 4 7 12 13 8 16 15 6 5 9 11 10 3 7 2 4 4 18 14 12 17 20 14 16 10 9 11 7 13 5 4 21 13 11 12 14 10 8 16 19 5 17 7 16 14 17 13 17 13 14 16 7 13 9 11 35 5 28 7 3 10 7 12 11 10 8 11 21 4 15 16 4 16 7 10 9 11 17 12 11 7 9 11 12 7 8 6 5 12 13 7 7 8 11 13 11 10 7 4 20 13 
10.0 45.0
25.0 1.0
25.0 3.0
31.0 5.0
32.0 5.0
31.0 7.0
32.0 9.0
34.0 9.0
46.0 9.0
35.0 7.0
34.0 6.0
35.0 5.0
47.0 6.0
40.0 5.0
39.0 3.0
36.0 3.0
73.0 6.0
73.0 8.0
24.0 36.0
76.0 6.0
76.0 10.0
76.0 13.0
78.0 3.0
78.0 9.0
79.0 3.0
79.0 5.0
79.0 11.0
82.0 3.0
82.0 7.0
90.0 15.0
84.0 3.0
84.0 5.0
84.0 9.0
85.0 1.0
87.0 5.0
85.0 8.0
87.0 7.0
86.0 41.0
86.0 44.0
86.0 46.0
85.0 55.0
89.0 43.0
89.0 46.0
89.0 52.0
92.0 42.0
92.0 52.0
94.0 42.0
94.0 44.0
94.0 48.0
96.0 42.0
99.0 46.0
99.0 50.0
83.0 80.0
83.0 83.0
85.0 81.0
85.0 85.0
85.0 89.0
87.0 80.0
87.0 86.0
90.0 77.0
90.0 88.0
93.0 82.0
93.0 84.0
93.0 89.0
94.0 86.0
95.0 80.0
99.0 89.0
37.0 83.0
50.0 80.0
35.0 85.0
35.0 87.0
44.0 86.0
46.0 89.0
46.0 83.0
46.0 87.0
46.0 89.0
48.0 83.0
50.0 85.0
50.0 88.0
54.0 86.0
54.0 90.0
10.0 35.0
10.0 40.0
18.0 30.0
17.0 35.0
16.0 38.0
14.0 40.0
15.0 42.0
11.0 42.0
18.0 40.0
21.0 39.0
20.0 40.0
18.0 41.0
20.0 44.0
22.0 44.0
16.0 45.0
20.0 45.0
25.0 45.0
30.0 55.0
20.0 50.0
22.0 51.0
18.0 49.0
16.0 48.0
20.0 55.0
18.0 53.0
14.0 50.0
15.0 51.0
16.0 54.0
28.0 33.0
33.0 38.0
30.0 50.0
13.0 40.0
15.0 36.0
18.0 31.0
25.0 37.0
30.0 46.0
25.0 52.0
16.0 33.0
25.0 35.0
5.0 40.0
5.0 50.0
