200
2738.0
0 10 7 13 19 26 3 5 9 16 16 12 19 23 20 8 19 2 12 17 9 11 18 29 3 6 17 16 16 9 21 27 23 11 14 8 5 8 16 31 9 5 5 7 18 16 1 27 36 30 13 10 9 14 18 2 6 7 18 28 3 13 19 10 9 20 25 25 36 6 5 15 25 9 8 18 13 14 3 23 6 26 16 11 7 41 35 26 9 15 3 1 2 22 27 20 11 12 10 9 17 7 30 16 9 21 15 19 23 11 5 19 29 23 21 10 15 3 41 9 28 8 8 16 10 28 7 15 14 6 19 11 12 23 26 17 6 9 15 14 7 27 13 11 16 10 5 25 17 18 10 18 26 11 30 21 19 15 16 29 26 37 16 12 31 8 19 20 13 15 22 28 12 6 27 14 18 17 29 13 22 25 28 27 19 10 12 14 24 16 33 15 11 18 17 21 27 19 20 5 
35.0 35.0
41.0 49.0
35.0 17.0
55.0 45.0
55.0 20.0
15.0 30.0
25.0 30.0
20.0 50.0
10.0 43.0
55.0 60.0
30.0 60.0
20.0 65.0
50.0 35.0
30.0 25.0
15.0 10.0
30.0 5.0
10.0 20.0
5.0 30.0
20.0 40.0
15.0 60.0
45.0 65.0
45.0 20.0
45.0 10.0
55.0 5.0
65.0 35.0
65.0 20.0
45.0 30.0
35.0 40.0
41.0 37.0
64.0 42.0
40.0 60.0
31.0 52.0
35.0 69.0
53.0 52.0
65.0 55.0
63.0 65.0
2.0 60.0
20.0 20.0
5.0 5.0
60.0 12.0
40.0 25.0
42.0 7.0
24.0 12.0
23.0 3.0
11.0 14.0
6.0 38.0
2.0 48.0
8.0 56.0
13.0 52.0
6.0 68.0
47.0 47.0
49.0 58.0
27.0 43.0
37.0 31.0
57.0 29.0
63.0 23.0
53.0 12.0
32.0 12.0
36.0 26.0
21.0 24.0
17.0 34.0
12.0 24.0
24.0 58.0
27.0 69.0
15.0 77.0
62.0 77.0
49.0 73.0
67.0 5.0
56.0 39.0
37.0 47.0
37.0 56.0
57.0 68.0
47.0 16.0
44.0 17.0
46.0 13.0
49.0 11.0
49.0 42.0
53.0 43.0
61.0 52.0
57.0 48.0
56.0 37.0
55.0 54.0
15.0 47.0
14.0 37.0
11.0 31.0
16.0 22.0
4.0 18.0
28.0 18.0
26.0 52.0
26.0 35.0
31.0 67.0
15.0 19.0
22.0 22.0
18.0 24.0
26.0 27.0
25.0 24.0
22.0 27.0
25.0 21.0
19.0 21.0
20.0 26.0
18.0 18.0
37.0 52.0
49.0 49.0
52.0 64.0
20.0 26.0
40.0 30.0
21.0 47.0
17.0 63.0
31.0 62.0
52.0 33.0
51.0 21.0
42.0 41.0
31.0 32.0
5.0 25.0
12.0 42.0
36.0 16.0
52.0 41.0
27.0 23.0
17.0 33.0
13.0 13.0
57.0 58.0
62.0 42.0
42.0 57.0
16.0 57.0
8.0 52.0
7.0 38.0
27.0 68.0
30.0 48.0
43.0 67.0
58.0 48.0
58.0 27.0
37.0 69.0
38.0 46.0
46.0 10.0
61.0 33.0
62.0 63.0
63.0 69.0
32.0 22.0
45.0 35.0
59.0 15.0
5.0 6.0
10.0 17.0
21.0 10.0
5.0 64.0
30.0 15.0
39.0 10.0
32.0 39.0
25.0 32.0
25.0 55.0
48.0 28.0
56.0 37.0
22.0 22.0
36.0 26.0
21.0 45.0
45.0 35.0
55.0 20.0
33.0 34.0
50.0 50.0
55.0 45.0
26.0 59.0
40.0 66.0
55.0 65.0
35.0 51.0
62.0 35.0
62.0 57.0
62.0 24.0
21.0 36.0
33.0 44.0
9.0 56.0
62.0 48.0
66.0 14.0
44.0 13.0
26.0 13.0
11.0 28.0
7.0 43.0
17.0 64.0
41.0 46.0
55.0 34.0
35.0 16.0
52.0 26.0
43.0 26.0
31.0 76.0
22.0 53.0
26.0 29.0
50.0 40.0
55.0 50.0
54.0 10.0
60.0 15.0
47.0 66.0
30.0 60.0
30.0 50.0
12.0 17.0
15.0 14.0
16.0 19.0
21.0 48.0
50.0 30.0
51.0 42.0
50.0 15.0
48.0 21.0
12.0 38.0
