103
2172.0
0 9 1 2 3 4 5 6 7 8 10 11 12 13 14 15 16 17 9 1 2 3 4 5 6 7 8 10 11 12 13 14 15 16 17 9 1 2 3 4 5 6 7 8 10 11 12 13 14 15 16 17 9 1 2 3 4 5 6 7 8 10 11 12 13 14 15 16 17 9 1 2 3 4 5 6 7 8 10 11 12 13 14 15 16 17 9 1 2 3 4 5 6 7 8 10 11 12 13 14 15 16 17 
0.000 0.000
0.000 18.000
-1.000 2.000
-1.000 4.000
-1.000 6.000
-1.000 8.000
-1.000 10.000
-1.000 12.000
-1.000 14.000
-1.000 16.000
1.000 16.000
1.000 14.000
1.000 12.000
1.000 10.000
1.000 8.000
1.000 6.000
1.000 4.000
1.000 2.000
-15.588 9.000
-2.232 0.134
-3.964 1.134
-5.696 2.134
-7.428 3.134
-9.160 4.134
-10.892 5.134
-12.624 6.134
-14.356 7.134
-13.356 8.866
-11.624 7.866
-9.892 6.866
-8.160 5.866
-6.428 4.866
-4.696 3.866
-2.964 2.866
-1.232 1.866
-15.588 -9.000
-1.232 -1.866
-2.964 -2.866
-4.696 -3.866
-6.428 -4.866
-8.160 -5.866
-9.892 -6.866
-11.624 -7.866
-13.356 -8.866
-14.356 -7.134
-12.624 -6.134
-10.892 -5.134
-9.160 -4.134
-7.428 -3.134
-5.696 -2.134
-3.964 -1.134
-2.232 -0.134
-0.000 -18.000
1.000 -2.000
1.000 -4.000
1.000 -6.000
1.000 -8.000
1.000 -10.000
1.000 -12.000
1.000 -14.000
1.000 -16.000
-1.000 -16.000
-1.000 -14.000
-1.000 -12.000
-1.000 -10.000
-1.000 -8.000
-1.000 -6.000
-1.000 -4.000
-1.000 -2.000
15.588 -9.000
2.232 -0.134
3.964 -1.134
5.696 -2.134
7.428 -3.134
9.160 -4.134
10.892 -5.134
12.624 -6.134
14.356 -7.134
13.356 -8.866
11.624 -7.866
9.892 -6.866
8.160 -5.866
6.428 -4.866
4.696 -3.866
2.964 -2.866
1.232 -1.866
15.588 9.000
1.232 1.866
2.964 2.866
4.696 3.866
6.428 4.866
8.160 5.866
9.892 6.866
11.624 7.866
13.356 8.866
14.356 7.134
12.624 6.134
10.892 5.134
9.160 4.134
7.428 3.134
5.696 2.134
3.964 1.134
2.232 0.134
