105
1050.0
0 7 1 2 3 4 5 6 8 9 10 11 12 13 7 1 2 3 4 5 6 8 9 10 11 12 13 7 1 2 3 4 5 6 8 9 10 11 12 13 7 1 2 3 4 5 6 8 9 10 11 12 13 7 1 2 3 4 5 6 8 9 10 11 12 13 7 1 2 3 4 5 6 8 9 10 11 12 13 7 1 2 3 4 5 6 8 9 10 11 12 13 7 1 2 3 4 5 6 8 9 10 11 12 13 
0.000 0.000
0.000 14.000
-1.000 2.000
-1.000 4.000
-1.000 6.000
-1.000 8.000
-1.000 10.000
-1.000 12.000
1.000 12.000
1.000 10.000
1.000 8.000
1.000 6.000
1.000 4.000
1.000 2.000
-9.899 9.899
-2.121 0.707
-3.536 2.121
-4.950 3.536
-6.364 4.950
-7.778 6.364
-9.192 7.778
-7.778 9.192
-6.364 7.778
-4.950 6.364
-3.536 4.950
-2.121 3.536
-0.707 2.121
-14.000 0.000
-2.000 -1.000
-4.000 -1.000
-6.000 -1.000
-8.000 -1.000
-10.000 -1.000
-12.000 -1.000
-12.000 1.000
-10.000 1.000
-8.000 1.000
-6.000 1.000
-4.000 1.000
-2.000 1.000
-9.899 -9.899
-0.707 -2.121
-2.121 -3.536
-3.536 -4.950
-4.950 -6.364
-6.364 -7.778
-7.778 -9.192
-9.192 -7.778
-7.778 -6.364
-6.364 -4.950
-4.950 -3.536
-3.536 -2.121
-2.121 -0.707
-0.000 -14.000
1.000 -2.000
1.000 -4.000
1.000 -6.000
1.000 -8.000
1.000 -10.000
1.000 -12.000
-1.000 -12.000
-1.000 -10.000
-1.000 -8.000
-1.000 -6.000
-1.000 -4.000
-1.000 -2.000
9.899 -9.899
2.121 -0.707
3.536 -2.121
4.950 -3.536
6.364 -4.950
7.778 -6.364
9.192 -7.778
7.778 -9.192
6.364 -7.778
4.950 -6.364
3.536 -4.950
2.121 -3.536
0.707 -2.121
14.000 -0.000
2.000 1.000
4.000 1.000
6.000 1.000
8.000 1.000
10.000 1.000
12.000 1.000
12.000 -1.000
10.000 -1.000
8.000 -1.000
6.000 -1.000
4.000 -1.000
2.000 -1.000
9.899 9.899
0.707 2.121
2.121 3.536
3.536 4.950
4.950 6.364
6.364 7.778
7.778 9.192
9.192 7.778
7.778 6.364
6.364 4.950
4.950 3.536
3.536 2.121
2.121 0.707
