125
11664.0
0 16 1 2 3 4 5 6 7 8 9 10 11 12 13 14 15 17 18 19 20 21 22 23 24 25 26 27 28 29 30 31 16 1 2 3 4 5 6 7 8 9 10 11 12 13 14 15 17 18 19 20 21 22 23 24 25 26 27 28 29 30 31 16 1 2 3 4 5 6 7 8 9 10 11 12 13 14 15 17 18 19 20 21 22 23 24 25 26 27 28 29 30 31 16 1 2 3 4 5 6 7 8 9 10 11 12 13 14 15 17 18 19 20 21 22 23 24 25 26 27 28 29 30 31 
0.000 0.000
0.000 32.000
-1.000 2.000
-1.000 4.000
-1.000 6.000
-1.000 8.000
-1.000 10.000
-1.000 12.000
-1.000 14.000
-1.000 16.000
-1.000 18.000
-1.000 20.000
-1.000 22.000
-1.000 24.000
-1.000 26.000
-1.000 28.000
-1.000 30.000
1.000 30.000
1.000 28.000
1.000 26.000
1.000 24.000
1.000 22.000
1.000 20.000
1.000 18.000
1.000 16.000
1.000 14.000
1.000 12.000
1.000 10.000
1.000 8.000
1.000 6.000
1.000 4.000
1.000 2.000
-32.000 0.000
-2.000 -1.000
-4.000 -1.000
-6.000 -1.000
-8.000 -1.000
-10.000 -1.000
-12.000 -1.000
-14.000 -1.000
-16.000 -1.000
-18.000 -1.000
-20.000 -1.000
-22.000 -1.000
-24.000 -1.000
-26.000 -1.000
-28.000 -1.000
-30.000 -1.000
-30.000 1.000
-28.000 1.000
-26.000 1.000
-24.000 1.000
-22.000 1.000
-20.000 1.000
-18.000 1.000
-16.000 1.000
-14.000 1.000
-12.000 1.000
-10.000 1.000
-8.000 1.000
-6.000 1.000
-4.000 1.000
-2.000 1.000
-0.000 -32.000
1.000 -2.000
1.000 -4.000
1.000 -6.000
1.000 -8.000
1.000 -10.000
1.000 -12.000
1.000 -14.000
1.000 -16.000
1.000 -18.000
1.000 -20.000
1.000 -22.000
1.000 -24.000
1.000 -26.000
1.000 -28.000
1.000 -30.000
-1.000 -30.000
-1.000 -28.000
-1.000 -26.000
-1.000 -24.000
-1.000 -22.000
-1.000 -20.000
-1.000 -18.000
-1.000 -16.000
-1.000 -14.000
-1.000 -12.000
-1.000 -10.000
-1.000 -8.000
-1.000 -6.000
-1.000 -4.000
-1.000 -2.000
32.000 -0.000
2.000 1.000
4.000 1.000
6.000 1.000
8.000 1.000
10.000 1.000
12.000 1.000
14.000 1.000
16.000 1.000
18.000 1.000
20.000 1.000
22.000 1.000
24.000 1.000
26.000 1.000
28.000 1.000
30.000 1.000
30.000 -1.000
28.000 -1.000
26.000 -1.000
24.000 -1.000
22.000 -1.000
20.000 -1.000
18.000 -1.000
16.000 -1.000
14.000 -1.000
12.000 -1.000
10.000 -1.000
8.000 -1.000
6.000 -1.000
4.000 -1.000
2.000 -1.000
