137
2172.0
0 9 1 2 3 4 5 6 7 8 10 11 12 13 14 15 16 17 9 1 2 3 4 5 6 7 8 10 11 12 13 14 15 16 17 9 1 2 3 4 5 6 7 8 10 11 12 13 14 15 16 17 9 1 2 3 4 5 6 7 8 10 11 12 13 14 15 16 17 9 1 2 3 4 5 6 7 8 10 11 12 13 14 15 16 17 9 1 2 3 4 5 6 7 8 10 11 12 13 14 15 16 17 9 1 2 3 4 5 6 7 8 10 11 12 13 14 15 16 17 9 1 2 3 4 5 6 7 8 10 11 12 13 14 15 16 17 
0.000 0.000
0.000 18.000
-1.000 2.000
-1.000 4.000
-1.000 6.000
-1.000 8.000
-1.000 10.000
-1.000 12.000
-1.000 14.000
-1.000 16.000
1.000 16.000
1.000 14.000
1.000 12.000
1.000 10.000
1.000 8.000
1.000 6.000
1.000 4.000
1.000 2.000
-12.728 12.728
-2.121 0.707
-3.536 2.121
-4.950 3.536
-6.364 4.950
-7.778 6.364
-9.192 7.778
-10.607 9.192
-12.021 10.607
-10.607 12.021
-9.192 10.607
-7.778 9.192
-6.364 7.778
-4.950 6.364
-3.536 4.950
-2.121 3.536
-0.707 2.121
-18.000 0.000
-2.000 -1.000
-4.000 -1.000
-6.000 -1.000
-8.000 -1.000
-10.000 -1.000
-12.000 -1.000
-14.000 -1.000
-16.000 -1.000
-16.000 1.000
-14.000 1.000
-12.000 1.000
-10.000 1.000
-8.000 1.000
-6.000 1.000
-4.000 1.000
-2.000 1.000
-12.728 -12.728
-0.707 -2.121
-2.121 -3.536
-3.536 -4.950
-4.950 -6.364
-6.364 -7.778
-7.778 -9.192
-9.192 -10.607
-10.607 -12.021
-12.021 -10.607
-10.607 -9.192
-9.192 -7.778
-7.778 -6.364
-6.364 -4.950
-4.950 -3.536
-3.536 -2.121
-2.121 -0.707
-0.000 -18.000
1.000 -2.000
1.000 -4.000
1.000 -6.000
1.000 -8.000
1.000 -10.000
1.000 -12.000
1.000 -14.000
1.000 -16.000
-1.000 -16.000
-1.000 -14.000
-1.000 -12.000
-1.000 -10.000
-1.000 -8.000
-1.000 -6.000
-1.000 -4.000
-1.000 -2.000
12.728 -12.728
2.121 -0.707
3.536 -2.121
4.950 -3.536
6.364 -4.950
7.778 -6.364
9.192 -7.778
10.607 -9.192
12.021 -10.607
10.607 -12.021
9.192 -10.607
7.778 -9.192
6.364 -7.778
4.950 -6.364
3.536 -4.950
2.121 -3.536
0.707 -2.121
18.000 -0.000
2.000 1.000
4.000 1.000
6.000 1.000
8.000 1.000
10.000 1.000
12.000 1.000
14.000 1.000
16.000 1.000
16.000 -1.000
14.000 -1.000
12.000 -1.000
10.000 -1.000
8.000 -1.000
6.000 -1.000
4.000 -1.000
2.000 -1.000
12.728 12.728
0.707 2.121
2.121 3.536
3.536 4.950
4.950 6.364
6.364 7.778
7.778 9.192
9.192 10.607
10.607 12.021
12.021 10.607
10.607 9.192
9.192 7.778
7.778 6.364
6.364 4.950
4.950 3.536
3.536 2.121
2.121 0.707
