145
400.0
0 5 1 2 3 4 6 7 8 9 5 1 2 3 4 6 7 8 9 5 1 2 3 4 6 7 8 9 5 1 2 3 4 6 7 8 9 5 1 2 3 4 6 7 8 9 5 1 2 3 4 6 7 8 9 5 1 2 3 4 6 7 8 9 5 1 2 3 4 6 7 8 9 5 1 2 3 4 6 7 8 9 5 1 2 3 4 6 7 8 9 5 1 2 3 4 6 7 8 9 5 1 2 3 4 6 7 8 9 5 1 2 3 4 6 7 8 9 5 1 2 3 4 6 7 8 9 5 1 2 3 4 6 7 8 9 5 1 2 3 4 6 7 8 9 
0.000 0.000
0.000 10.000
-1.000 2.000
-1.000 4.000
-1.000 6.000
-1.000 8.000
1.000 8.000
1.000 6.000
1.000 4.000
1.000 2.000
-3.746 9.272
-1.676 1.480
-2.426 3.334
-3.175 5.188
-3.924 7.043
-2.070 7.792
-1.320 5.938
-0.571 4.083
0.178 2.229
-6.947 7.193
-2.109 0.744
-3.498 2.183
-4.887 3.621
-6.277 5.060
-4.838 6.449
-3.449 5.011
-2.059 3.572
-0.670 2.133
-9.135 4.067
-2.234 -0.100
-4.061 0.713
-5.888 1.527
-7.715 2.340
-6.902 4.167
-5.075 3.354
-3.247 2.540
-1.420 1.727
-9.994 0.349
-2.034 -0.930
-4.032 -0.860
-6.031 -0.790
-8.030 -0.720
-7.960 1.279
-5.961 1.209
-3.963 1.139
-1.964 1.069
-9.397 -3.420
-1.537 -1.624
-3.417 -2.308
-5.296 -2.992
-7.176 -3.676
-7.860 -1.796
-5.980 -1.112
-4.101 -0.428
-2.221 0.256
-7.431 -6.691
-0.817 -2.081
-2.303 -3.420
-3.790 -4.758
-5.276 -6.096
-6.614 -4.610
-5.128 -3.272
-3.642 -1.933
-2.155 -0.595
-4.384 -8.988
0.022 -2.236
-0.855 -4.034
-1.731 -5.831
-2.608 -7.629
-4.406 -6.752
-3.529 -4.954
-2.652 -3.157
-1.776 -1.359
-0.698 -9.976
0.858 -2.065
0.719 -4.060
0.579 -6.055
0.440 -8.050
-1.556 -7.911
-1.416 -5.916
-1.277 -3.920
-1.137 -1.925
3.090 -9.511
1.569 -1.593
2.187 -3.495
2.805 -5.397
3.423 -7.299
1.521 -7.917
0.903 -6.015
0.285 -4.113
-0.333 -2.211
6.428 -7.660
2.052 -0.889
3.337 -2.421
4.623 -3.953
5.908 -5.486
4.376 -6.771
3.091 -5.239
1.805 -3.707
0.520 -2.175
8.829 -4.695
2.235 -0.056
4.001 -0.995
5.767 -1.934
7.533 -2.873
6.594 -4.639
4.828 -3.700
3.062 -2.761
1.296 -1.822
9.945 -1.045
2.094 0.785
4.083 0.576
6.072 0.367
8.061 0.158
7.852 -1.831
5.863 -1.622
3.874 -1.413
1.885 -1.204
9.613 2.756
1.647 1.513
3.569 2.064
5.492 2.615
7.414 3.166
7.966 1.244
6.043 0.693
4.121 0.141
2.198 -0.410
7.880 6.157
0.960 2.019
2.536 3.251
4.112 4.482
5.688 5.713
6.920 4.137
5.344 2.906
3.768 1.675
2.192 0.443
5.000 8.660
0.134 2.232
1.134 3.964
2.134 5.696
3.134 7.428
4.866 6.428
3.866 4.696
2.866 2.964
1.866 1.232
