187
11664.0
0 16 1 2 3 4 5 6 7 8 9 10 11 12 13 14 15 17 18 19 20 21 22 23 24 25 26 27 28 29 30 31 16 1 2 3 4 5 6 7 8 9 10 11 12 13 14 15 17 18 19 20 21 22 23 24 25 26 27 28 29 30 31 16 1 2 3 4 5 6 7 8 9 10 11 12 13 14 15 17 18 19 20 21 22 23 24 25 26 27 28 29 30 31 16 1 2 3 4 5 6 7 8 9 10 11 12 13 14 15 17 18 19 20 21 22 23 24 25 26 27 28 29 30 31 16 1 2 3 4 5 6 7 8 9 10 11 12 13 14 15 17 18 19 20 21 22 23 24 25 26 27 28 29 30 31 16 1 2 3 4 5 6 7 8 9 10 11 12 13 14 15 17 18 19 20 21 22 23 24 25 26 27 28 29 30 31 
0.000 0.000
0.000 32.000
-1.000 2.000
-1.000 4.000
-1.000 6.000
-1.000 8.000
-1.000 10.000
-1.000 12.000
-1.000 14.000
-1.000 16.000
-1.000 18.000
-1.000 20.000
-1.000 22.000
-1.000 24.000
-1.000 26.000
-1.000 28.000
-1.000 30.000
1.000 30.000
1.000 28.000
1.000 26.000
1.000 24.000
1.000 22.000
1.000 20.000
1.000 18.000
1.000 16.000
1.000 14.000
1.000 12.000
1.000 10.000
1.000 8.000
1.000 6.000
1.000 4.000
1.000 2.000
-27.713 16.000
-2.232 0.134
-3.964 1.134
-5.696 2.134
-7.428 3.134
-9.160 4.134
-10.892 5.134
-12.624 6.134
-14.356 7.134
-16.088 8.134
-17.821 9.134
-19.553 10.134
-21.285 11.134
-23.017 12.134
-24.749 13.134
-26.481 14.134
-25.481 15.866
-23.749 14.866
-22.017 13.866
-20.285 12.866
-18.553 11.866
-16.821 10.866
-15.088 9.866
-13.356 8.866
-11.624 7.866
-9.892 6.866
-8.160 5.866
-6.428 4.866
-4.696 3.866
-2.964 2.866
-1.232 1.866
-27.713 -16.000
-1.232 -1.866
-2.964 -2.866
-4.696 -3.866
-6.428 -4.866
-8.160 -5.866
-9.892 -6.866
-11.624 -7.866
-13.356 -8.866
-15.088 -9.866
-16.821 -10.866
-18.553 -11.866
-20.285 -12.866
-22.017 -13.866
-23.749 -14.866
-25.481 -15.866
-26.481 -14.134
-24.749 -13.134
-23.017 -12.134
-21.285 -11.134
-19.553 -10.134
-17.821 -9.134
-16.088 -8.134
-14.356 -7.134
-12.624 -6.134
-10.892 -5.134
-9.160 -4.134
-7.428 -3.134
-5.696 -2.134
-3.964 -1.134
-2.232 -0.134
-0.000 -32.000
1.000 -2.000
1.000 -4.000
1.000 -6.000
1.000 -8.000
1.000 -10.000
1.000 -12.000
1.000 -14.000
1.000 -16.000
1.000 -18.000
1.000 -20.000
1.000 -22.000
1.000 -24.000
1.000 -26.000
1.000 -28.000
1.000 -30.000
-1.000 -30.000
-1.000 -28.000
-1.000 -26.000
-1.000 -24.000
-1.000 -22.000
-1.000 -20.000
-1.000 -18.000
-1.000 -16.000
-1.000 -14.000
-1.000 -12.000
-1.000 -10.000
-1.000 -8.000
-1.000 -6.000
-1.000 -4.000
-1.000 -2.000
27.713 -16.000
2.232 -0.134
3.964 -1.134
5.696 -2.134
7.428 -3.134
9.160 -4.134
10.892 -5.134
12.624 -6.134
14.356 -7.134
16.088 -8.134
17.821 -9.134
19.553 -10.134
21.285 -11.134
23.017 -12.134
24.749 -13.134
26.481 -14.134
25.481 -15.866
23.749 -14.866
22.017 -13.866
20.285 -12.866
18.553 -11.866
16.821 -10.866
15.088 -9.866
13.356 -8.866
11.624 -7.866
9.892 -6.866
8.160 -5.866
6.428 -4.866
4.696 -3.866
2.964 -2.866
1.232 -1.866
27.713 16.000
1.232 1.866
2.964 2.866
4.696 3.866
6.428 4.866
8.160 5.866
9.892 6.866
11.624 7.866
13.356 8.866
15.088 9.866
16.821 10.866
18.553 11.866
20.285 12.866
22.017 13.866
23.749 14.866
25.481 15.866
26.481 14.134
24.749 13.134
23.017 12.134
21.285 11.134
19.553 10.134
17.821 9.134
16.088 8.134
14.356 7.134
12.624 6.134
10.892 5.134
9.160 4.134
7.428 3.134
5.696 2.134
3.964 1.134
2.232 0.134
