209
1050.0
0 7 1 2 3 4 5 6 8 9 10 11 12 13 7 1 2 3 4 5 6 8 9 10 11 12 13 7 1 2 3 4 5 6 8 9 10 11 12 13 7 1 2 3 4 5 6 8 9 10 11 12 13 7 1 2 3 4 5 6 8 9 10 11 12 13 7 1 2 3 4 5 6 8 9 10 11 12 13 7 1 2 3 4 5 6 8 9 10 11 12 13 7 1 2 3 4 5 6 8 9 10 11 12 13 7 1 2 3 4 5 6 8 9 10 11 12 13 7 1 2 3 4 5 6 8 9 10 11 12 13 7 1 2 3 4 5 6 8 9 10 11 12 13 7 1 2 3 4 5 6 8 9 10 11 12 13 7 1 2 3 4 5 6 8 9 10 11 12 13 7 1 2 3 4 5 6 8 9 10 11 12 13 7 1 2 3 4 5 6 8 9 10 11 12 13 7 1 2 3 4 5 6 8 9 10 11 12 13 
0.000 0.000
0.000 14.000
-1.000 2.000
-1.000 4.000
-1.000 6.000
-1.000 8.000
-1.000 10.000
-1.000 12.000
1.000 12.000
1.000 10.000
1.000 8.000
1.000 6.000
1.000 4.000
1.000 2.000
-5.244 12.981
-1.676 1.480
-2.426 3.334
-3.175 5.188
-3.924 7.043
-4.673 8.897
-5.422 10.752
-3.568 11.501
-2.819 9.646
-2.070 7.792
-1.320 5.938
-0.571 4.083
0.178 2.229
-9.725 10.071
-2.109 0.744
-3.498 2.183
-4.887 3.621
-6.277 5.060
-7.666 6.499
-9.055 7.937
-7.617 9.327
-6.227 7.888
-4.838 6.449
-3.449 5.011
-2.059 3.572
-0.670 2.133
-12.790 5.694
-2.234 -0.100
-4.061 0.713
-5.888 1.527
-7.715 2.340
-9.542 3.154
-11.369 3.967
-10.556 5.794
-8.729 4.981
-6.902 4.167
-5.075 3.354
-3.247 2.540
-1.420 1.727
-13.991 0.489
-2.034 -0.930
-4.032 -0.860
-6.031 -0.790
-8.030 -0.720
-10.029 -0.650
-12.028 -0.581
-11.958 1.418
-9.959 1.348
-7.960 1.279
-5.961 1.209
-3.963 1.139
-1.964 1.069
-13.156 -4.788
-1.537 -1.624
-3.417 -2.308
-5.296 -2.992
-7.176 -3.676
-9.055 -4.360
-10.934 -5.044
-11.618 -3.165
-9.739 -2.481
-7.860 -1.796
-5.980 -1.112
-4.101 -0.428
-2.221 0.256
-10.404 -9.368
-0.817 -2.081
-2.303 -3.420
-3.790 -4.758
-5.276 -6.096
-6.762 -7.434
-8.249 -8.773
-9.587 -7.286
-8.101 -5.948
-6.614 -4.610
-5.128 -3.272
-3.642 -1.933
-2.155 -0.595
-6.137 -12.583
0.022 -2.236
-0.855 -4.034
-1.731 -5.831
-2.608 -7.629
-3.485 -9.426
-4.362 -11.224
-6.159 -10.347
-5.283 -8.550
-4.406 -6.752
-3.529 -4.954
-2.652 -3.157
-1.776 -1.359
-0.977 -13.966
0.858 -2.065
0.719 -4.060
0.579 -6.055
0.440 -8.050
0.300 -10.045
0.160 -12.041
-1.835 -11.901
-1.695 -9.906
-1.556 -7.911
-1.416 -5.916
-1.277 -3.920
-1.137 -1.925
4.326 -13.315
1.569 -1.593
2.187 -3.495
2.805 -5.397
3.423 -7.299
4.041 -9.202
4.659 -11.104
2.757 -11.722
2.139 -9.820
1.521 -7.917
0.903 -6.015
0.285 -4.113
-0.333 -2.211
8.999 -10.725
2.052 -0.889
3.337 -2.421
4.623 -3.953
5.908 -5.486
7.194 -7.018
8.479 -8.550
6.947 -9.835
5.662 -8.303
4.376 -6.771
3.091 -5.239
1.805 -3.707
0.520 -2.175
12.361 -6.573
2.235 -0.056
4.001 -0.995
5.767 -1.934
7.533 -2.873
9.299 -3.812
11.065 -4.751
10.126 -6.517
8.360 -5.578
6.594 -4.639
4.828 -3.700
3.062 -2.761
1.296 -1.822
13.923 -1.463
2.094 0.785
4.083 0.576
6.072 0.367
8.061 0.158
10.050 -0.051
12.039 -0.260
11.830 -2.249
9.841 -2.040
7.852 -1.831
5.863 -1.622
3.874 -1.413
1.885 -1.204
13.458 3.859
1.647 1.513
3.569 2.064
5.492 2.615
7.414 3.166
9.337 3.718
11.260 4.269
11.811 2.346
9.888 1.795
7.966 1.244
6.043 0.693
4.121 0.141
2.198 -0.410
11.032 8.619
0.960 2.019
2.536 3.251
4.112 4.482
5.688 5.713
7.264 6.945
8.840 8.176
10.072 6.600
8.496 5.369
6.920 4.137
5.344 2.906
3.768 1.675
2.192 0.443
7.000 12.124
0.134 2.232
1.134 3.964
2.134 5.696
3.134 7.428
4.134 9.160
5.134 10.892
6.866 9.892
5.866 8.160
4.866 6.428
3.866 4.696
2.866 2.964
1.866 1.232
