249
11664.0
0 16 1 2 3 4 5 6 7 8 9 10 11 12 13 14 15 17 18 19 20 21 22 23 24 25 26 27 28 29 30 31 16 1 2 3 4 5 6 7 8 9 10 11 12 13 14 15 17 18 19 20 21 22 23 24 25 26 27 28 29 30 31 16 1 2 3 4 5 6 7 8 9 10 11 12 13 14 15 17 18 19 20 21 22 23 24 25 26 27 28 29 30 31 16 1 2 3 4 5 6 7 8 9 10 11 12 13 14 15 17 18 19 20 21 22 23 24 25 26 27 28 29 30 31 16 1 2 3 4 5 6 7 8 9 10 11 12 13 14 15 17 18 19 20 21 22 23 24 25 26 27 28 29 30 31 16 1 2 3 4 5 6 7 8 9 10 11 12 13 14 15 17 18 19 20 21 22 23 24 25 26 27 28 29 30 31 16 1 2 3 4 5 6 7 8 9 10 11 12 13 14 15 17 18 19 20 21 22 23 24 25 26 27 28 29 30 31 16 1 2 3 4 5 6 7 8 9 10 11 12 13 14 15 17 18 19 20 21 22 23 24 25 26 27 28 29 30 31 
0.000 0.000
0.000 32.000
-1.000 2.000
-1.000 4.000
-1.000 6.000
-1.000 8.000
-1.000 10.000
-1.000 12.000
-1.000 14.000
-1.000 16.000
-1.000 18.000
-1.000 20.000
-1.000 22.000
-1.000 24.000
-1.000 26.000
-1.000 28.000
-1.000 30.000
1.000 30.000
1.000 28.000
1.000 26.000
1.000 24.000
1.000 22.000
1.000 20.000
1.000 18.000
1.000 16.000
1.000 14.000
1.000 12.000
1.000 10.000
1.000 8.000
1.000 6.000
1.000 4.000
1.000 2.000
-22.627 22.627
-2.121 0.707
-3.536 2.121
-4.950 3.536
-6.364 4.950
-7.778 6.364
-9.192 7.778
-10.607 9.192
-12.021 10.607
-13.435 12.021
-14.849 13.435
-16.263 14.849
-17.678 16.263
-19.092 17.678
-20.506 19.092
-21.920 20.506
-20.506 21.920
-19.092 20.506
-17.678 19.092
-16.263 17.678
-14.849 16.263
-13.435 14.849
-12.021 13.435
-10.607 12.021
-9.192 10.607
-7.778 9.192
-6.364 7.778
-4.950 6.364
-3.536 4.950
-2.121 3.536
-0.707 2.121
-32.000 0.000
-2.000 -1.000
-4.000 -1.000
-6.000 -1.000
-8.000 -1.000
-10.000 -1.000
-12.000 -1.000
-14.000 -1.000
-16.000 -1.000
-18.000 -1.000
-20.000 -1.000
-22.000 -1.000
-24.000 -1.000
-26.000 -1.000
-28.000 -1.000
-30.000 -1.000
-30.000 1.000
-28.000 1.000
-26.000 1.000
-24.000 1.000
-22.000 1.000
-20.000 1.000
-18.000 1.000
-16.000 1.000
-14.000 1.000
-12.000 1.000
-10.000 1.000
-8.000 1.000
-6.000 1.000
-4.000 1.000
-2.000 1.000
-22.627 -22.627
-0.707 -2.121
-2.121 -3.536
-3.536 -4.950
-4.950 -6.364
-6.364 -7.778
-7.778 -9.192
-9.192 -10.607
-10.607 -12.021
-12.021 -13.435
-13.435 -14.849
-14.849 -16.263
-16.263 -17.678
-17.678 -19.092
-19.092 -20.506
-20.506 -21.920
-21.920 -20.506
-20.506 -19.092
-19.092 -17.678
-17.678 -16.263
-16.263 -14.849
-14.849 -13.435
-13.435 -12.021
-12.021 -10.607
-10.607 -9.192
-9.192 -7.778
-7.778 -6.364
-6.364 -4.950
-4.950 -3.536
-3.536 -2.121
-2.121 -0.707
-0.000 -32.000
1.000 -2.000
1.000 -4.000
1.000 -6.000
1.000 -8.000
1.000 -10.000
1.000 -12.000
1.000 -14.000
1.000 -16.000
1.000 -18.000
1.000 -20.000
1.000 -22.000
1.000 -24.000
1.000 -26.000
1.000 -28.000
1.000 -30.000
-1.000 -30.000
-1.000 -28.000
-1.000 -26.000
-1.000 -24.000
-1.000 -22.000
-1.000 -20.000
-1.000 -18.000
-1.000 -16.000
-1.000 -14.000
-1.000 -12.000
-1.000 -10.000
-1.000 -8.000
-1.000 -6.000
-1.000 -4.000
-1.000 -2.000
22.627 -22.627
2.121 -0.707
3.536 -2.121
4.950 -3.536
6.364 -4.950
7.778 -6.364
9.192 -7.778
10.607 -9.192
12.021 -10.607
13.435 -12.021
14.849 -13.435
16.263 -14.849
17.678 -16.263
19.092 -17.678
20.506 -19.092
21.920 -20.506
20.506 -21.920
19.092 -20.506
17.678 -19.092
16.263 -17.678
14.849 -16.263
13.435 -14.849
12.021 -13.435
10.607 -12.021
9.192 -10.607
7.778 -9.192
6.364 -7.778
4.950 -6.364
3.536 -4.950
2.121 -3.536
0.707 -2.121
32.000 -0.000
2.000 1.000
4.000 1.000
6.000 1.000
8.000 1.000
10.000 1.000
12.000 1.000
14.000 1.000
16.000 1.000
18.000 1.000
20.000 1.000
22.000 1.000
24.000 1.000
26.000 1.000
28.000 1.000
30.000 1.000
30.000 -1.000
28.000 -1.000
26.000 -1.000
24.000 -1.000
22.000 -1.000
20.000 -1.000
18.000 -1.000
16.000 -1.000
14.000 -1.000
12.000 -1.000
10.000 -1.000
8.000 -1.000
6.000 -1.000
4.000 -1.000
2.000 -1.000
22.627 22.627
0.707 2.121
2.121 3.536
3.536 4.950
4.950 6.364
6.364 7.778
7.778 9.192
9.192 10.607
10.607 12.021
12.021 13.435
13.435 14.849
14.849 16.263
16.263 17.678
17.678 19.092
19.092 20.506
20.506 21.920
21.920 20.506
20.506 19.092
19.092 17.678
17.678 16.263
16.263 14.849
14.849 13.435
13.435 12.021
12.021 10.607
10.607 9.192
9.192 7.778
7.778 6.364
6.364 4.950
4.950 3.536
3.536 2.121
2.121 0.707
