337
3894.0
0 11 1 2 3 4 5 6 7 8 9 10 12 13 14 15 16 17 18 19 20 21 11 1 2 3 4 5 6 7 8 9 10 12 13 14 15 16 17 18 19 20 21 11 1 2 3 4 5 6 7 8 9 10 12 13 14 15 16 17 18 19 20 21 11 1 2 3 4 5 6 7 8 9 10 12 13 14 15 16 17 18 19 20 21 11 1 2 3 4 5 6 7 8 9 10 12 13 14 15 16 17 18 19 20 21 11 1 2 3 4 5 6 7 8 9 10 12 13 14 15 16 17 18 19 20 21 11 1 2 3 4 5 6 7 8 9 10 12 13 14 15 16 17 18 19 20 21 11 1 2 3 4 5 6 7 8 9 10 12 13 14 15 16 17 18 19 20 21 11 1 2 3 4 5 6 7 8 9 10 12 13 14 15 16 17 18 19 20 21 11 1 2 3 4 5 6 7 8 9 10 12 13 14 15 16 17 18 19 20 21 11 1 2 3 4 5 6 7 8 9 10 12 13 14 15 16 17 18 19 20 21 11 1 2 3 4 5 6 7 8 9 10 12 13 14 15 16 17 18 19 20 21 11 1 2 3 4 5 6 7 8 9 10 12 13 14 15 16 17 18 19 20 21 11 1 2 3 4 5 6 7 8 9 10 12 13 14 15 16 17 18 19 20 21 11 1 2 3 4 5 6 7 8 9 10 12 13 14 15 16 17 18 19 20 21 11 1 2 3 4 5 6 7 8 9 10 12 13 14 15 16 17 18 19 20 21 
0.000 0.000
0.000 22.000
-1.000 2.000
-1.000 4.000
-1.000 6.000
-1.000 8.000
-1.000 10.000
-1.000 12.000
-1.000 14.000
-1.000 16.000
-1.000 18.000
-1.000 20.000
1.000 20.000
1.000 18.000
1.000 16.000
1.000 14.000
1.000 12.000
1.000 10.000
1.000 8.000
1.000 6.000
1.000 4.000
1.000 2.000
-8.241 20.398
-1.676 1.480
-2.426 3.334
-3.175 5.188
-3.924 7.043
-4.673 8.897
-5.422 10.752
-6.172 12.606
-6.921 14.460
-7.670 16.315
-8.419 18.169
-6.565 18.918
-5.816 17.064
-5.067 15.210
-4.317 13.355
-3.568 11.501
-2.819 9.646
-2.070 7.792
-1.320 5.938
-0.571 4.083
0.178 2.229
-15.282 15.825
-2.109 0.744
-3.498 2.183
-4.887 3.621
-6.277 5.060
-7.666 6.499
-9.055 7.937
-10.445 9.376
-11.834 10.815
-13.223 12.253
-14.613 13.692
-13.174 15.081
-11.785 13.643
-10.395 12.204
-9.006 10.765
-7.617 9.327
-6.227 7.888
-4.838 6.449
-3.449 5.011
-2.059 3.572
-0.670 2.133
-20.098 8.948
-2.234 -0.100
-4.061 0.713
-5.888 1.527
-7.715 2.340
-9.542 3.154
-11.369 3.967
-13.196 4.781
-15.023 5.594
-16.851 6.408
-18.678 7.221
-17.864 9.048
-16.037 8.235
-14.210 7.421
-12.383 6.608
-10.556 5.794
-8.729 4.981
-6.902 4.167
-5.075 3.354
-3.247 2.540
-1.420 1.727
-21.987 0.768
-2.034 -0.930
-4.032 -0.860
-6.031 -0.790
-8.030 -0.720
-10.029 -0.650
-12.028 -0.581
-14.026 -0.511
-16.025 -0.441
-18.024 -0.371
-20.023 -0.301
-19.953 1.697
-17.954 1.628
-15.955 1.558
-13.957 1.488
-11.958 1.418
-9.959 1.348
-7.960 1.279
-5.961 1.209
-3.963 1.139
-1.964 1.069
-20.673 -7.524
-1.537 -1.624
-3.417 -2.308
-5.296 -2.992
-7.176 -3.676
-9.055 -4.360
-10.934 -5.044
-12.814 -5.728
-14.693 -6.412
-16.572 -7.096
-18.452 -7.780
-19.136 -5.901
-17.256 -5.217
-15.377 -4.533
-13.498 -3.849
-11.618 -3.165
-9.739 -2.481
-7.860 -1.796
-5.980 -1.112
-4.101 -0.428
-2.221 0.256
-16.349 -14.721
-0.817 -2.081
-2.303 -3.420
-3.790 -4.758
-5.276 -6.096
-6.762 -7.434
-8.249 -8.773
-9.735 -10.111
-11.221 -11.449
-12.707 -12.787
-14.194 -14.126
-15.532 -12.639
-14.046 -11.301
-12.559 -9.963
-11.073 -8.625
-9.587 -7.286
-8.101 -5.948
-6.614 -4.610
-5.128 -3.272
-3.642 -1.933
-2.155 -0.595
-9.644 -19.773
0.022 -2.236
-0.855 -4.034
-1.731 -5.831
-2.608 -7.629
-3.485 -9.426
-4.362 -11.224
-5.238 -13.021
-6.115 -14.819
-6.992 -16.617
-7.869 -18.414
-9.666 -17.538
-8.789 -15.740
-7.913 -13.942
-7.036 -12.145
-6.159 -10.347
-5.283 -8.550
-4.406 -6.752
-3.529 -4.954
-2.652 -3.157
-1.776 -1.359
-1.535 -21.946
0.858 -2.065
0.719 -4.060
0.579 -6.055
0.440 -8.050
0.300 -10.045
0.160 -12.041
0.021 -14.036
-0.119 -16.031
-0.258 -18.026
-0.398 -20.021
-2.393 -19.882
-2.253 -17.886
-2.114 -15.891
-1.974 -13.896
-1.835 -11.901
-1.695 -9.906
-1.556 -7.911
-1.416 -5.916
-1.277 -3.920
-1.137 -1.925
6.798 -20.923
1.569 -1.593
2.187 -3.495
2.805 -5.397
3.423 -7.299
4.041 -9.202
4.659 -11.104
5.277 -13.006
5.895 -14.908
6.513 -16.810
7.131 -18.712
5.229 -19.330
4.611 -17.428
3.993 -15.526
3.375 -13.624
2.757 -11.722
2.139 -9.820
1.521 -7.917
0.903 -6.015
0.285 -4.113
-0.333 -2.211
14.141 -16.853
2.052 -0.889
3.337 -2.421
4.623 -3.953
5.908 -5.486
7.194 -7.018
8.479 -8.550
9.765 -10.082
11.051 -11.614
12.336 -13.146
13.622 -14.678
12.090 -15.964
10.804 -14.432
9.519 -12.899
8.233 -11.367
6.947 -9.835
5.662 -8.303
4.376 -6.771
3.091 -5.239
1.805 -3.707
0.520 -2.175
19.425 -10.328
2.235 -0.056
4.001 -0.995
5.767 -1.934
7.533 -2.873
9.299 -3.812
11.065 -4.751
12.831 -5.690
14.597 -6.629
16.363 -7.568
18.128 -8.506
17.189 -10.272
15.424 -9.333
13.658 -8.394
11.892 -7.456
10.126 -6.517
8.360 -5.578
6.594 -4.639
4.828 -3.700
3.062 -2.761
1.296 -1.822
21.879 -2.300
2.094 0.785
4.083 0.576
6.072 0.367
8.061 0.158
10.050 -0.051
12.039 -0.260
14.028 -0.469
16.017 -0.678
18.006 -0.887
19.995 -1.096
19.786 -3.085
17.797 -2.876
15.808 -2.667
13.819 -2.458
11.830 -2.249
9.841 -2.040
7.852 -1.831
5.863 -1.622
3.874 -1.413
1.885 -1.204
21.148 6.064
1.647 1.513
3.569 2.064
5.492 2.615
7.414 3.166
9.337 3.718
11.260 4.269
13.182 4.820
15.105 5.371
17.027 5.923
18.950 6.474
19.501 4.551
17.578 4.000
15.656 3.449
13.733 2.898
11.811 2.346
9.888 1.795
7.966 1.244
6.043 0.693
4.121 0.141
2.198 -0.410
17.336 13.545
0.960 2.019
2.536 3.251
4.112 4.482
5.688 5.713
7.264 6.945
8.840 8.176
10.416 9.407
11.993 10.639
13.569 11.870
15.145 13.101
16.376 11.525
14.800 10.294
13.224 9.063
11.648 7.831
10.072 6.600
8.496 5.369
6.920 4.137
5.344 2.906
3.768 1.675
2.192 0.443
11.000 19.053
0.134 2.232
1.134 3.964
2.134 5.696
3.134 7.428
4.134 9.160
5.134 10.892
6.134 12.624
7.134 14.356
8.134 16.088
9.134 17.821
10.866 16.821
9.866 15.088
8.866 13.356
7.866 11.624
6.866 9.892
5.866 8.160
4.866 6.428
3.866 4.696
2.866 2.964
1.866 1.232
