37
400.0
0 5 1 2 3 4 6 7 8 9 5 1 2 3 4 6 7 8 9 5 1 2 3 4 6 7 8 9 5 1 2 3 4 6 7 8 9 
0.000 0.000
0.000 10.000
-1.000 2.000
-1.000 4.000
-1.000 6.000
-1.000 8.000
1.000 8.000
1.000 6.000
1.000 4.000
1.000 2.000
-10.000 0.000
-2.000 -1.000
-4.000 -1.000
-6.000 -1.000
-8.000 -1.000
-8.000 1.000
-6.000 1.000
-4.000 1.000
-2.000 1.000
-0.000 -10.000
1.000 -2.000
1.000 -4.000
1.000 -6.000
1.000 -8.000
-1.000 -8.000
-1.000 -6.000
-1.000 -4.000
-1.000 -2.000
10.000 -0.000
2.000 1.000
4.000 1.000
6.000 1.000
8.000 1.000
8.000 -1.000
6.000 -1.000
4.000 -1.000
2.000 -1.000
