41
94.0
0 3 1 2 4 5 3 1 2 4 5 3 1 2 4 5 3 1 2 4 5 3 1 2 4 5 3 1 2 4 5 3 1 2 4 5 3 1 2 4 5 
0.000 0.000
0.000 6.000
-1.000 2.000
-1.000 4.000
1.000 4.000
1.000 2.000
-4.243 4.243
-2.121 0.707
-3.536 2.121
-2.121 3.536
-0.707 2.121
-6.000 0.000
-2.000 -1.000
-4.000 -1.000
-4.000 1.000
-2.000 1.000
-4.243 -4.243
-0.707 -2.121
-2.121 -3.536
-3.536 -2.121
-2.121 -0.707
-0.000 -6.000
1.000 -2.000
1.000 -4.000
-1.000 -4.000
-1.000 -2.000
4.243 -4.243
2.121 -0.707
3.536 -2.121
2.121 -3.536
0.707 -2.121
6.000 -0.000
2.000 1.000
4.000 1.000
4.000 -1.000
2.000 -1.000
4.243 4.243
0.707 2.121
2.121 3.536
3.536 2.121
2.121 0.707
