49
30.0
0 2 1 3 2 1 3 2 1 3 2 1 3 2 1 3 2 1 3 2 1 3 2 1 3 2 1 3 2 1 3 2 1 3 2 1 3 2 1 3 2 1 3 2 1 3 2 1 3 
0.000 0.000
0.000 4.000
-1.000 2.000
1.000 2.000
-1.498 3.709
-1.676 1.480
0.178 2.229
-2.779 2.877
-2.109 0.744
-0.670 2.133
-3.654 1.627
-2.234 -0.100
-1.420 1.727
-3.998 0.140
-2.034 -0.930
-1.964 1.069
-3.759 -1.368
-1.537 -1.624
-2.221 0.256
-2.973 -2.677
-0.817 -2.081
-2.155 -0.595
-1.753 -3.595
0.022 -2.236
-1.776 -1.359
-0.279 -3.990
0.858 -2.065
-1.137 -1.925
1.236 -3.804
1.569 -1.593
-0.333 -2.211
2.571 -3.064
2.052 -0.889
0.520 -2.175
3.532 -1.878
2.235 -0.056
1.296 -1.822
3.978 -0.418
2.094 0.785
1.885 -1.204
3.845 1.103
1.647 1.513
2.198 -0.410
3.152 2.463
0.960 2.019
2.192 0.443
2.000 3.464
0.134 2.232
1.866 1.232
