53
1050.0
0 7 1 2 3 4 5 6 8 9 10 11 12 13 7 1 2 3 4 5 6 8 9 10 11 12 13 7 1 2 3 4 5 6 8 9 10 11 12 13 7 1 2 3 4 5 6 8 9 10 11 12 13 
0.000 0.000
0.000 14.000
-1.000 2.000
-1.000 4.000
-1.000 6.000
-1.000 8.000
-1.000 10.000
-1.000 12.000
1.000 12.000
1.000 10.000
1.000 8.000
1.000 6.000
1.000 4.000
1.000 2.000
-14.000 0.000
-2.000 -1.000
-4.000 -1.000
-6.000 -1.000
-8.000 -1.000
-10.000 -1.000
-12.000 -1.000
-12.000 1.000
-10.000 1.000
-8.000 1.000
-6.000 1.000
-4.000 1.000
-2.000 1.000
-0.000 -14.000
1.000 -2.000
1.000 -4.000
1.000 -6.000
1.000 -8.000
1.000 -10.000
1.000 -12.000
-1.000 -12.000
-1.000 -10.000
-1.000 -8.000
-1.000 -6.000
-1.000 -4.000
-1.000 -2.000
14.000 -0.000
2.000 1.000
4.000 1.000
6.000 1.000
8.000 1.000
10.000 1.000
12.000 1.000
12.000 -1.000
10.000 -1.000
8.000 -1.000
6.000 -1.000
4.000 -1.000
2.000 -1.000
