55
400.0
0 5 1 2 3 4 6 7 8 9 5 1 2 3 4 6 7 8 9 5 1 2 3 4 6 7 8 9 5 1 2 3 4 6 7 8 9 5 1 2 3 4 6 7 8 9 5 1 2 3 4 6 7 8 9 
0.000 0.000
0.000 10.000
-1.000 2.000
-1.000 4.000
-1.000 6.000
-1.000 8.000
1.000 8.000
1.000 6.000
1.000 4.000
1.000 2.000
-8.660 5.000
-2.232 0.134
-3.964 1.134
-5.696 2.134
-7.428 3.134
-6.428 4.866
-4.696 3.866
-2.964 2.866
-1.232 1.866
-8.660 -5.000
-1.232 -1.866
-2.964 -2.866
-4.696 -3.866
-6.428 -4.866
-7.428 -3.134
-5.696 -2.134
-3.964 -1.134
-2.232 -0.134
-0.000 -10.000
1.000 -2.000
1.000 -4.000
1.000 -6.000
1.000 -8.000
-1.000 -8.000
-1.000 -6.000
-1.000 -4.000
-1.000 -2.000
8.660 -5.000
2.232 -0.134
3.964 -1.134
5.696 -2.134
7.428 -3.134
6.428 -4.866
4.696 -3.866
2.964 -2.866
1.232 -1.866
8.660 5.000
1.232 1.866
2.964 2.866
4.696 3.866
6.428 4.866
7.428 3.134
5.696 2.134
3.964 1.134
2.232 0.134
