69
2172.0
0 9 1 2 3 4 5 6 7 8 10 11 12 13 14 15 16 17 9 1 2 3 4 5 6 7 8 10 11 12 13 14 15 16 17 9 1 2 3 4 5 6 7 8 10 11 12 13 14 15 16 17 9 1 2 3 4 5 6 7 8 10 11 12 13 14 15 16 17 
0.000 0.000
0.000 18.000
-1.000 2.000
-1.000 4.000
-1.000 6.000
-1.000 8.000
-1.000 10.000
-1.000 12.000
-1.000 14.000
-1.000 16.000
1.000 16.000
1.000 14.000
1.000 12.000
1.000 10.000
1.000 8.000
1.000 6.000
1.000 4.000
1.000 2.000
-18.000 0.000
-2.000 -1.000
-4.000 -1.000
-6.000 -1.000
-8.000 -1.000
-10.000 -1.000
-12.000 -1.000
-14.000 -1.000
-16.000 -1.000
-16.000 1.000
-14.000 1.000
-12.000 1.000
-10.000 1.000
-8.000 1.000
-6.000 1.000
-4.000 1.000
-2.000 1.000
-0.000 -18.000
1.000 -2.000
1.000 -4.000
1.000 -6.000
1.000 -8.000
1.000 -10.000
1.000 -12.000
1.000 -14.000
1.000 -16.000
-1.000 -16.000
-1.000 -14.000
-1.000 -12.000
-1.000 -10.000
-1.000 -8.000
-1.000 -6.000
-1.000 -4.000
-1.000 -2.000
18.000 -0.000
2.000 1.000
4.000 1.000
6.000 1.000
8.000 1.000
10.000 1.000
12.000 1.000
14.000 1.000
16.000 1.000
16.000 -1.000
14.000 -1.000
12.000 -1.000
10.000 -1.000
8.000 -1.000
6.000 -1.000
4.000 -1.000
2.000 -1.000
