73
400.0
0 5 1 2 3 4 6 7 8 9 5 1 2 3 4 6 7 8 9 5 1 2 3 4 6 7 8 9 5 1 2 3 4 6 7 8 9 5 1 2 3 4 6 7 8 9 5 1 2 3 4 6 7 8 9 5 1 2 3 4 6 7 8 9 5 1 2 3 4 6 7 8 9 
0.000 0.000
0.000 10.000
-1.000 2.000
-1.000 4.000
-1.000 6.000
-1.000 8.000
1.000 8.000
1.000 6.000
1.000 4.000
1.000 2.000
-7.071 7.071
-2.121 0.707
-3.536 2.121
-4.950 3.536
-6.364 4.950
-4.950 6.364
-3.536 4.950
-2.121 3.536
-0.707 2.121
-10.000 0.000
-2.000 -1.000
-4.000 -1.000
-6.000 -1.000
-8.000 -1.000
-8.000 1.000
-6.000 1.000
-4.000 1.000
-2.000 1.000
-7.071 -7.071
-0.707 -2.121
-2.121 -3.536
-3.536 -4.950
-4.950 -6.364
-6.364 -4.950
-4.950 -3.536
-3.536 -2.121
-2.121 -0.707
-0.000 -10.000
1.000 -2.000
1.000 -4.000
1.000 -6.000
1.000 -8.000
-1.000 -8.000
-1.000 -6.000
-1.000 -4.000
-1.000 -2.000
7.071 -7.071
2.121 -0.707
3.536 -2.121
4.950 -3.536
6.364 -4.950
4.950 -6.364
3.536 -4.950
2.121 -3.536
0.707 -2.121
10.000 -0.000
2.000 1.000
4.000 1.000
6.000 1.000
8.000 1.000
8.000 -1.000
6.000 -1.000
4.000 -1.000
2.000 -1.000
7.071 7.071
0.707 2.121
2.121 3.536
3.536 4.950
4.950 6.364
6.364 4.950
4.950 3.536
3.536 2.121
2.121 0.707
