79
1050.0
0 7 1 2 3 4 5 6 8 9 10 11 12 13 7 1 2 3 4 5 6 8 9 10 11 12 13 7 1 2 3 4 5 6 8 9 10 11 12 13 7 1 2 3 4 5 6 8 9 10 11 12 13 7 1 2 3 4 5 6 8 9 10 11 12 13 7 1 2 3 4 5 6 8 9 10 11 12 13 
0.000 0.000
0.000 14.000
-1.000 2.000
-1.000 4.000
-1.000 6.000
-1.000 8.000
-1.000 10.000
-1.000 12.000
1.000 12.000
1.000 10.000
1.000 8.000
1.000 6.000
1.000 4.000
1.000 2.000
-12.124 7.000
-2.232 0.134
-3.964 1.134
-5.696 2.134
-7.428 3.134
-9.160 4.134
-10.892 5.134
-9.892 6.866
-8.160 5.866
-6.428 4.866
-4.696 3.866
-2.964 2.866
-1.232 1.866
-12.124 -7.000
-1.232 -1.866
-2.964 -2.866
-4.696 -3.866
-6.428 -4.866
-8.160 -5.866
-9.892 -6.866
-10.892 -5.134
-9.160 -4.134
-7.428 -3.134
-5.696 -2.134
-3.964 -1.134
-2.232 -0.134
-0.000 -14.000
1.000 -2.000
1.000 -4.000
1.000 -6.000
1.000 -8.000
1.000 -10.000
1.000 -12.000
-1.000 -12.000
-1.000 -10.000
-1.000 -8.000
-1.000 -6.000
-1.000 -4.000
-1.000 -2.000
12.124 -7.000
2.232 -0.134
3.964 -1.134
5.696 -2.134
7.428 -3.134
9.160 -4.134
10.892 -5.134
9.892 -6.866
8.160 -5.866
6.428 -4.866
4.696 -3.866
2.964 -2.866
1.232 -1.866
12.124 7.000
1.232 1.866
2.964 2.866
4.696 3.866
6.428 4.866
8.160 5.866
9.892 6.866
10.892 5.134
9.160 4.134
7.428 3.134
5.696 2.134
3.964 1.134
2.232 0.134
