81
94.0
0 3 1 2 4 5 3 1 2 4 5 3 1 2 4 5 3 1 2 4 5 3 1 2 4 5 3 1 2 4 5 3 1 2 4 5 3 1 2 4 5 3 1 2 4 5 3 1 2 4 5 3 1 2 4 5 3 1 2 4 5 3 1 2 4 5 3 1 2 4 5 3 1 2 4 5 3 1 2 4 5 
0.000 0.000
0.000 6.000
-1.000 2.000
-1.000 4.000
1.000 4.000
1.000 2.000
-2.248 5.563
-1.676 1.480
-2.426 3.334
-0.571 4.083
0.178 2.229
-4.168 4.316
-2.109 0.744
-3.498 2.183
-2.059 3.572
-0.670 2.133
-5.481 2.440
-2.234 -0.100
-4.061 0.713
-3.247 2.540
-1.420 1.727
-5.996 0.209
-2.034 -0.930
-4.032 -0.860
-3.963 1.139
-1.964 1.069
-5.638 -2.052
-1.537 -1.624
-3.417 -2.308
-4.101 -0.428
-2.221 0.256
-4.459 -4.015
-0.817 -2.081
-2.303 -3.420
-3.642 -1.933
-2.155 -0.595
-2.630 -5.393
0.022 -2.236
-0.855 -4.034
-2.652 -3.157
-1.776 -1.359
-0.419 -5.985
0.858 -2.065
0.719 -4.060
-1.277 -3.920
-1.137 -1.925
1.854 -5.706
1.569 -1.593
2.187 -3.495
0.285 -4.113
-0.333 -2.211
3.857 -4.596
2.052 -0.889
3.337 -2.421
1.805 -3.707
0.520 -2.175
5.298 -2.817
2.235 -0.056
4.001 -0.995
3.062 -2.761
1.296 -1.822
5.967 -0.627
2.094 0.785
4.083 0.576
3.874 -1.413
1.885 -1.204
5.768 1.654
1.647 1.513
3.569 2.064
4.121 0.141
2.198 -0.410
4.728 3.694
0.960 2.019
2.536 3.251
3.768 1.675
2.192 0.443
3.000 5.196
0.134 2.232
1.134 3.964
2.866 2.964
1.866 1.232
