85
3894.0
0 11 1 2 3 4 5 6 7 8 9 10 12 13 14 15 16 17 18 19 20 21 11 1 2 3 4 5 6 7 8 9 10 12 13 14 15 16 17 18 19 20 21 11 1 2 3 4 5 6 7 8 9 10 12 13 14 15 16 17 18 19 20 21 11 1 2 3 4 5 6 7 8 9 10 12 13 14 15 16 17 18 19 20 21 
0.000 0.000
0.000 22.000
-1.000 2.000
-1.000 4.000
-1.000 6.000
-1.000 8.000
-1.000 10.000
-1.000 12.000
-1.000 14.000
-1.000 16.000
-1.000 18.000
-1.000 20.000
1.000 20.000
1.000 18.000
1.000 16.000
1.000 14.000
1.000 12.000
1.000 10.000
1.000 8.000
1.000 6.000
1.000 4.000
1.000 2.000
-22.000 0.000
-2.000 -1.000
-4.000 -1.000
-6.000 -1.000
-8.000 -1.000
-10.000 -1.000
-12.000 -1.000
-14.000 -1.000
-16.000 -1.000
-18.000 -1.000
-20.000 -1.000
-20.000 1.000
-18.000 1.000
-16.000 1.000
-14.000 1.000
-12.000 1.000
-10.000 1.000
-8.000 1.000
-6.000 1.000
-4.000 1.000
-2.000 1.000
-0.000 -22.000
1.000 -2.000
1.000 -4.000
1.000 -6.000
1.000 -8.000
1.000 -10.000
1.000 -12.000
1.000 -14.000
1.000 -16.000
1.000 -18.000
1.000 -20.000
-1.000 -20.000
-1.000 -18.000
-1.000 -16.000
-1.000 -14.000
-1.000 -12.000
-1.000 -10.000
-1.000 -8.000
-1.000 -6.000
-1.000 -4.000
-1.000 -2.000
22.000 -0.000
2.000 1.000
4.000 1.000
6.000 1.000
8.000 1.000
10.000 1.000
12.000 1.000
14.000 1.000
16.000 1.000
18.000 1.000
20.000 1.000
20.000 -1.000
18.000 -1.000
16.000 -1.000
14.000 -1.000
12.000 -1.000
10.000 -1.000
8.000 -1.000
6.000 -1.000
4.000 -1.000
2.000 -1.000
