256																																																																																																																																																																																																																																																															
8700																																																																																																																																																																																																																																																															
0	300	300	180	300	180	128	180	180	128	100	128	180	128	100	81	100	128	128	100	81	69	81	100	128	100	81	69	60	69	81	100	100	81	69	60	52	60	69	81	100	81	69	60	52	47	52	60	69	81	81	69	60	52	47	42	47	52	60	69	81	69	60	52	47	42	39	42	47	52	60	69	69	60	52	47	42	39	36	39	42	47	52	60	69	60	52	47	42	39	36	33	36	39	42	47	52	60	60	52	47	42	39	36	33	31	33	36	39	42	47	52	60	52	47	42	39	36	33	31	29	31	33	36	39	42	47	52	52	47	42	39	36	33	31	29	29	31	33	36	39	42	47	52	47	42	39	36	33	31	29	29	31	33	36	39	42	47	47	42	39	36	33	31	29	29	31	33	36	39	42	47	42	39	36	33	31	29	29	31	33	36	39	42	42	39	36	33	31	29	29	31	33	36	39	42	39	36	33	31	29	29	31	33	36	39	39	36	33	31	29	29	31	33	36	39	36	33	31	29	29	31	33	36	36	33	31	29	29	31	33	36	33	31	29	29	31	33	33	31	29	29	31	33	31	29	29	31	31	29	29	31	29	29	29	29
0	-150																																																																																																																																																																																																																																																														
-10	-140																																																																																																																																																																																																																																																														
10	-140																																																																																																																																																																																																																																																														
-20	-130																																																																																																																																																																																																																																																														
0	-130																																																																																																																																																																																																																																																														
20	-130																																																																																																																																																																																																																																																														
-30	-120																																																																																																																																																																																																																																																														
-10	-120																																																																																																																																																																																																																																																														
10	-120																																																																																																																																																																																																																																																														
30	-120																																																																																																																																																																																																																																																														
-40	-110																																																																																																																																																																																																																																																														
-20	-110																																																																																																																																																																																																																																																														
0	-110																																																																																																																																																																																																																																																														
20	-110																																																																																																																																																																																																																																																														
40	-110																																																																																																																																																																																																																																																														
-50	-100																																																																																																																																																																																																																																																														
-30	-100																																																																																																																																																																																																																																																														
-10	-100																																																																																																																																																																																																																																																														
10	-100																																																																																																																																																																																																																																																														
30	-100																																																																																																																																																																																																																																																														
50	-100																																																																																																																																																																																																																																																														
-60	-90																																																																																																																																																																																																																																																														
-40	-90																																																																																																																																																																																																																																																														
-20	-90																																																																																																																																																																																																																																																														
0	-90																																																																																																																																																																																																																																																														
20	-90																																																																																																																																																																																																																																																														
40	-90																																																																																																																																																																																																																																																														
60	-90																																																																																																																																																																																																																																																														
-70	-80																																																																																																																																																																																																																																																														
-50	-80																																																																																																																																																																																																																																																														
-30	-80																																																																																																																																																																																																																																																														
-10	-80																																																																																																																																																																																																																																																														
10	-80																																																																																																																																																																																																																																																														
30	-80																																																																																																																																																																																																																																																														
50	-80																																																																																																																																																																																																																																																														
70	-80																																																																																																																																																																																																																																																														
-80	-70																																																																																																																																																																																																																																																														
-60	-70																																																																																																																																																																																																																																																														
-40	-70																																																																																																																																																																																																																																																														
-20	-70																																																																																																																																																																																																																																																														
0	-70																																																																																																																																																																																																																																																														
20	-70																																																																																																																																																																																																																																																														
40	-70																																																																																																																																																																																																																																																														
60	-70																																																																																																																																																																																																																																																														
80	-70																																																																																																																																																																																																																																																														
-90	-60																																																																																																																																																																																																																																																														
-70	-60																																																																																																																																																																																																																																																														
-50	-60																																																																																																																																																																																																																																																														
-30	-60																																																																																																																																																																																																																																																														
-10	-60																																																																																																																																																																																																																																																														
10	-60																																																																																																																																																																																																																																																														
30	-60																																																																																																																																																																																																																																																														
50	-60																																																																																																																																																																																																																																																														
70	-60																																																																																																																																																																																																																																																														
90	-60																																																																																																																																																																																																																																																														
-100	-50																																																																																																																																																																																																																																																														
-80	-50																																																																																																																																																																																																																																																														
-60	-50																																																																																																																																																																																																																																																														
-40	-50																																																																																																																																																																																																																																																														
-20	-50																																																																																																																																																																																																																																																														
0	-50																																																																																																																																																																																																																																																														
20	-50																																																																																																																																																																																																																																																														
40	-50																																																																																																																																																																																																																																																														
60	-50																																																																																																																																																																																																																																																														
80	-50																																																																																																																																																																																																																																																														
100	-50																																																																																																																																																																																																																																																														
-110	-40																																																																																																																																																																																																																																																														
-90	-40																																																																																																																																																																																																																																																														
-70	-40																																																																																																																																																																																																																																																														
-50	-40																																																																																																																																																																																																																																																														
-30	-40																																																																																																																																																																																																																																																														
-10	-40																																																																																																																																																																																																																																																														
10	-40																																																																																																																																																																																																																																																														
30	-40																																																																																																																																																																																																																																																														
50	-40																																																																																																																																																																																																																																																														
70	-40																																																																																																																																																																																																																																																														
90	-40																																																																																																																																																																																																																																																														
110	-40																																																																																																																																																																																																																																																														
-120	-30																																																																																																																																																																																																																																																														
-100	-30																																																																																																																																																																																																																																																														
-80	-30																																																																																																																																																																																																																																																														
-60	-30																																																																																																																																																																																																																																																														
-40	-30																																																																																																																																																																																																																																																														
-20	-30																																																																																																																																																																																																																																																														
0	-30																																																																																																																																																																																																																																																														
20	-30																																																																																																																																																																																																																																																														
40	-30																																																																																																																																																																																																																																																														
60	-30																																																																																																																																																																																																																																																														
80	-30																																																																																																																																																																																																																																																														
100	-30																																																																																																																																																																																																																																																														
120	-30																																																																																																																																																																																																																																																														
-130	-20																																																																																																																																																																																																																																																														
-110	-20																																																																																																																																																																																																																																																														
-90	-20																																																																																																																																																																																																																																																														
-70	-20																																																																																																																																																																																																																																																														
-50	-20																																																																																																																																																																																																																																																														
-30	-20																																																																																																																																																																																																																																																														
-10	-20																																																																																																																																																																																																																																																														
10	-20																																																																																																																																																																																																																																																														
30	-20																																																																																																																																																																																																																																																														
50	-20																																																																																																																																																																																																																																																														
70	-20																																																																																																																																																																																																																																																														
90	-20																																																																																																																																																																																																																																																														
110	-20																																																																																																																																																																																																																																																														
130	-20																																																																																																																																																																																																																																																														
-140	-10																																																																																																																																																																																																																																																														
-120	-10																																																																																																																																																																																																																																																														
-100	-10																																																																																																																																																																																																																																																														
-80	-10																																																																																																																																																																																																																																																														
-60	-10																																																																																																																																																																																																																																																														
-40	-10																																																																																																																																																																																																																																																														
-20	-10																																																																																																																																																																																																																																																														
0	-10																																																																																																																																																																																																																																																														
20	-10																																																																																																																																																																																																																																																														
40	-10																																																																																																																																																																																																																																																														
60	-10																																																																																																																																																																																																																																																														
80	-10																																																																																																																																																																																																																																																														
100	-10																																																																																																																																																																																																																																																														
120	-10																																																																																																																																																																																																																																																														
140	-10																																																																																																																																																																																																																																																														
-150	0																																																																																																																																																																																																																																																														
-130	0																																																																																																																																																																																																																																																														
-110	0																																																																																																																																																																																																																																																														
-90	0																																																																																																																																																																																																																																																														
-70	0																																																																																																																																																																																																																																																														
-50	0																																																																																																																																																																																																																																																														
-30	0																																																																																																																																																																																																																																																														
-10	0																																																																																																																																																																																																																																																														
10	0																																																																																																																																																																																																																																																														
30	0																																																																																																																																																																																																																																																														
50	0																																																																																																																																																																																																																																																														
70	0																																																																																																																																																																																																																																																														
90	0																																																																																																																																																																																																																																																														
110	0																																																																																																																																																																																																																																																														
130	0																																																																																																																																																																																																																																																														
150	0																																																																																																																																																																																																																																																														
-140	10																																																																																																																																																																																																																																																														
-120	10																																																																																																																																																																																																																																																														
-100	10																																																																																																																																																																																																																																																														
-80	10																																																																																																																																																																																																																																																														
-60	10																																																																																																																																																																																																																																																														
-40	10																																																																																																																																																																																																																																																														
-20	10																																																																																																																																																																																																																																																														
0	10																																																																																																																																																																																																																																																														
20	10																																																																																																																																																																																																																																																														
40	10																																																																																																																																																																																																																																																														
60	10																																																																																																																																																																																																																																																														
80	10																																																																																																																																																																																																																																																														
100	10																																																																																																																																																																																																																																																														
120	10																																																																																																																																																																																																																																																														
140	10																																																																																																																																																																																																																																																														
-130	20																																																																																																																																																																																																																																																														
-110	20																																																																																																																																																																																																																																																														
-90	20																																																																																																																																																																																																																																																														
-70	20																																																																																																																																																																																																																																																														
-50	20																																																																																																																																																																																																																																																														
-30	20																																																																																																																																																																																																																																																														
-10	20																																																																																																																																																																																																																																																														
10	20																																																																																																																																																																																																																																																														
30	20																																																																																																																																																																																																																																																														
50	20																																																																																																																																																																																																																																																														
70	20																																																																																																																																																																																																																																																														
90	20																																																																																																																																																																																																																																																														
110	20																																																																																																																																																																																																																																																														
130	20																																																																																																																																																																																																																																																														
-120	30																																																																																																																																																																																																																																																														
-100	30																																																																																																																																																																																																																																																														
-80	30																																																																																																																																																																																																																																																														
-60	30																																																																																																																																																																																																																																																														
-40	30																																																																																																																																																																																																																																																														
-20	30																																																																																																																																																																																																																																																														
0	30																																																																																																																																																																																																																																																														
20	30																																																																																																																																																																																																																																																														
40	30																																																																																																																																																																																																																																																														
60	30																																																																																																																																																																																																																																																														
80	30																																																																																																																																																																																																																																																														
100	30																																																																																																																																																																																																																																																														
120	30																																																																																																																																																																																																																																																														
-110	40																																																																																																																																																																																																																																																														
-90	40																																																																																																																																																																																																																																																														
-70	40																																																																																																																																																																																																																																																														
-50	40																																																																																																																																																																																																																																																														
-30	40																																																																																																																																																																																																																																																														
-10	40																																																																																																																																																																																																																																																														
10	40																																																																																																																																																																																																																																																														
30	40																																																																																																																																																																																																																																																														
50	40																																																																																																																																																																																																																																																														
70	40																																																																																																																																																																																																																																																														
90	40																																																																																																																																																																																																																																																														
110	40																																																																																																																																																																																																																																																														
-100	50																																																																																																																																																																																																																																																														
-80	50																																																																																																																																																																																																																																																														
-60	50																																																																																																																																																																																																																																																														
-40	50																																																																																																																																																																																																																																																														
-20	50																																																																																																																																																																																																																																																														
0	50																																																																																																																																																																																																																																																														
20	50																																																																																																																																																																																																																																																														
40	50																																																																																																																																																																																																																																																														
60	50																																																																																																																																																																																																																																																														
80	50																																																																																																																																																																																																																																																														
100	50																																																																																																																																																																																																																																																														
-90	60																																																																																																																																																																																																																																																														
-70	60																																																																																																																																																																																																																																																														
-50	60																																																																																																																																																																																																																																																														
-30	60																																																																																																																																																																																																																																																														
-10	60																																																																																																																																																																																																																																																														
10	60																																																																																																																																																																																																																																																														
30	60																																																																																																																																																																																																																																																														
50	60																																																																																																																																																																																																																																																														
70	60																																																																																																																																																																																																																																																														
90	60																																																																																																																																																																																																																																																														
-80	70																																																																																																																																																																																																																																																														
-60	70																																																																																																																																																																																																																																																														
-40	70																																																																																																																																																																																																																																																														
-20	70																																																																																																																																																																																																																																																														
0	70																																																																																																																																																																																																																																																														
20	70																																																																																																																																																																																																																																																														
40	70																																																																																																																																																																																																																																																														
60	70																																																																																																																																																																																																																																																														
80	70																																																																																																																																																																																																																																																														
-70	80																																																																																																																																																																																																																																																														
-50	80																																																																																																																																																																																																																																																														
-30	80																																																																																																																																																																																																																																																														
-10	80																																																																																																																																																																																																																																																														
10	80																																																																																																																																																																																																																																																														
30	80																																																																																																																																																																																																																																																														
50	80																																																																																																																																																																																																																																																														
70	80																																																																																																																																																																																																																																																														
-60	90																																																																																																																																																																																																																																																														
-40	90																																																																																																																																																																																																																																																														
-20	90																																																																																																																																																																																																																																																														
0	90																																																																																																																																																																																																																																																														
20	90																																																																																																																																																																																																																																																														
40	90																																																																																																																																																																																																																																																														
60	90																																																																																																																																																																																																																																																														
-50	100																																																																																																																																																																																																																																																														
-30	100																																																																																																																																																																																																																																																														
-10	100																																																																																																																																																																																																																																																														
10	100																																																																																																																																																																																																																																																														
30	100																																																																																																																																																																																																																																																														
50	100																																																																																																																																																																																																																																																														
-40	110																																																																																																																																																																																																																																																														
-20	110																																																																																																																																																																																																																																																														
0	110																																																																																																																																																																																																																																																														
20	110																																																																																																																																																																																																																																																														
40	110																																																																																																																																																																																																																																																														
-30	120																																																																																																																																																																																																																																																														
-10	120																																																																																																																																																																																																																																																														
10	120																																																																																																																																																																																																																																																														
30	120																																																																																																																																																																																																																																																														
-20	130																																																																																																																																																																																																																																																														
0	130																																																																																																																																																																																																																																																														
20	130																																																																																																																																																																																																																																																														
-10	140																																																																																																																																																																																																																																																														
10	140																																																																																																																																																																																																																																																														
0	150																																																																																																																																																																																																																																																														