72
280943
0 7063 51 23 3074 349 1047 698 3001 31 1135 21611 57 51 551 179 6 528 2832 1514 889 2554 1215 1810 3050 4 1563 741 1532 709 1022 883 1689 10235 29 2894 450 411 207 496 1021 117 46 8 18 561 1877 3542 801 967 62 1366 230 4 12 145 7149 2250 383 134 1947 182 3934 468 18 133 2340 754 1264 806 3665 2452 
0.0 0.0
-12.0 -6.0
-15.0 -5.0
-1.0 -18.0
2.0 -21.0
-1.0 -17.0
-9.0 -12.0
2.0 -22.0
1.0 -21.0
7.0 -25.0
-7.0 -17.0
-11.0 -5.0
-14.0 -9.0
-14.0 -8.0
-11.0 -2.0
-14.0 -5.0
-15.0 -9.0
-15.0 -8.0
-9.0 -6.0
-14.0 -4.0
3.0 6.0
5.0 9.0
5.0 10.0
2.0 8.0
1.0 9.0
1.0 10.0
2.0 9.0
6.0 14.0
5.0 12.0
3.0 7.0
4.0 8.0
-6.0 1.0
-6.0 2.0
-8.0 -2.0
-7.0 2.0
-7.0 -3.0
-7.0 -2.0
-20.0 12.0
-20.0 13.0
-12.0 10.0
-20.0 15.0
-6.0 8.0
2.0 21.0
2.0 22.0
1.0 21.0
-1.0 24.0
1.0 22.0
-2.0 20.0
-2.0 21.0
-4.0 18.0
-4.0 19.0
-5.0 18.0
-5.0 26.0
1.0 23.0
-6.0 5.0
-6.0 6.0
-9.0 6.0
-9.0 7.0
-12.0 5.0
-12.0 6.0
-11.0 3.0
-11.0 4.0
-14.0 4.0
-14.0 5.0
-15.0 4.0
-15.0 5.0
-16.0 7.0
-16.0 8.0
-15.0 10.0
-20.0 10.0
-5.0 19.0
-9.0 -11.0
